2.088025728888433434e+02 -4.368322473227198316e+03 -3.766349909298249713e+03 1.763364681129468081e+05 -4.517063771414153744e+05 9.100512304684745686e+03
-4.368322473227198316e+03 8.410245661143553443e+05 4.469451430952870287e+05 -6.462842410623792559e+06 5.819304419935727492e+06 -1.748548464953784598e+06
-3.766349909298249713e+03 4.469451430952870287e+05 4.767828155507638003e+05 -3.429923748086019419e+06 9.303127967144336551e+06 -9.515415666957948124e+05
1.763364681129468081e+05 -6.462842410623792559e+06 -3.429923748086019419e+06 1.692934171230351329e+08 -3.265170122865484953e+08 1.353619548243195377e+07
-4.517063771414153744e+05 5.819304419935727492e+06 9.303127967144336551e+06 -3.265170122865484953e+08 1.485170311570944071e+09 -1.271215674522944726e+07
9.100512304684745686e+03 -1.748548464953784598e+06 -9.515415666957948124e+05 1.353619548243195377e+07 -1.271215674522944726e+07 3.876654681276617106e+06
