5.411482661146955937e+07 -6.977922200812897645e+06 -1.076960736663528532e+07 1.988322744334515929e+08 -7.423498145023492575e+08 1.455584703219839931e+07 4.982036268700889312e+06 -5.035294242722731084e+06 0.000000000000000000e+00 -2.326695417059698105e+08 0.000000000000000000e+00
-6.977922200812897645e+06 4.502686407688475214e+06 5.832036313617326319e+06 -2.704875759089892358e+07 2.104482315378799140e+08 -9.391699258892888203e+06 -6.149354990973843960e+05 1.406835193577247264e+05 0.000000000000000000e+00 3.403224084789191186e+07 0.000000000000000000e+00
-1.076960736663528532e+07 5.832036313617326319e+06 8.739847569675078616e+06 -3.913278744013351947e+07 3.408370864323982000e+08 -1.216828607302758470e+07 -9.521049973407944199e+05 2.014598762140841864e+05 0.000000000000000000e+00 5.259900006108439714e+07 0.000000000000000000e+00
1.988322744334515929e+08 -2.704875759089892358e+07 -3.913278744013351947e+07 7.371788167467709780e+08 -2.669721518350360870e+09 5.642410915582093596e+07 1.830560472732275724e+07 -1.865847703372545168e+07 0.000000000000000000e+00 -8.542963439217569828e+08 0.000000000000000000e+00
-7.423498145023492575e+08 2.104482315378799140e+08 3.408370864323982000e+08 -2.669721518350360870e+09 1.787312171873385239e+10 -4.390099665136801004e+08 -6.716804882595713437e+07 4.317991889337824285e+07 0.000000000000000000e+00 3.379146492247239590e+09 0.000000000000000000e+00
1.455584703219839931e+07 -9.391699258892888203e+06 -1.216828607302758470e+07 5.642410915582093596e+07 -4.390099665136801004e+08 1.960946465431898087e+07 1.282763702499908395e+06 -2.934494754203960183e+05 0.000000000000000000e+00 -7.099065932907862961e+07 0.000000000000000000e+00
4.982036268700889312e+06 -6.149354990973843960e+05 -9.521049973407944199e+05 1.830560472732275724e+07 -6.716804882595713437e+07 1.282763702499908395e+06 4.589104070208227495e+05 -4.684066480237333453e+05 0.000000000000000000e+00 -2.138179218112210184e+07 0.000000000000000000e+00
-5.035294242722731084e+06 1.406835193577247264e+05 2.014598762140841864e+05 -1.865847703372545168e+07 4.317991889337824285e+07 -2.934494754203960183e+05 -4.684066480237333453e+05 5.706819638548765797e+05 0.000000000000000000e+00 2.084772615403893963e+07 0.000000000000000000e+00
0.000000000000000000e+00 0.000000000000000000e+00 0.000000000000000000e+00 0.000000000000000000e+00 0.000000000000000000e+00 0.000000000000000000e+00 0.000000000000000000e+00 0.000000000000000000e+00 0.000000000000000000e+00 0.000000000000000000e+00 0.000000000000000000e+00
-2.326695417059698105e+08 3.403224084789191186e+07 5.259900006108439714e+07 -8.542963439217569828e+08 3.379146492247239590e+09 -7.099065932907862961e+07 -2.138179218112210184e+07 2.084772615403893963e+07 0.000000000000000000e+00 1.014629400452775121e+09 0.000000000000000000e+00
0.000000000000000000e+00 0.000000000000000000e+00 0.000000000000000000e+00 0.000000000000000000e+00 0.000000000000000000e+00 0.000000000000000000e+00 0.000000000000000000e+00 0.000000000000000000e+00 0.000000000000000000e+00 0.000000000000000000e+00 0.000000000000000000e+00
