7.371778042752445936e+08 -2.669717172748125553e+09 -1.283548898804638200e+16 -3.913350405216683447e+07 1.988323795194635401e+06 5.642118227815513313e+07 1.830559469965843856e+07 -1.865847116003972664e+07 -8.542964289852092266e+08
-2.669717172748125553e+09 1.787309166736895370e+10 9.986526363551574400e+16 3.408369619412957430e+08 -7.423501524523611180e+06 -4.389869348395655155e+08 -6.716802486633037031e+07 4.317990459513040632e+07 3.379147270004664898e+09
-1.283548898804638200e+16 9.986526363551574400e+16 1.013872443662358729e+24 2.767916680774616500e+15 -3.311316195605185938e+13 -4.456627151702413500e+15 -2.918086140550963750e+14 6.675948064592413281e+13 1.614960189730952000e+16
-3.913350405216683447e+07 3.408369619412957430e+08 2.767916680774616500e+15 8.737249253662711009e+06 -1.076936288727292413e+05 -1.216843407166683115e+07 -9.521083313539563678e+05 2.014585722241279727e+05 5.259860168544939160e+07
1.988323795194635401e+06 -7.423501524523611180e+06 -3.311316195605185938e+13 -1.076936288727292413e+05 5.411478387172306611e+03 1.455619891150568437e+05 4.982035671049757366e+04 -5.035293183579848119e+04 -2.326694182721368037e+06
5.642118227815513313e+07 -4.389869348395655155e+08 -4.456627151702413500e+15 -1.216843407166683115e+07 1.455619891150568437e+05 1.958983730509986728e+07 1.282761869543679757e+06 -2.934511166566209286e+05 -7.099178323029313982e+07
1.830559469965843856e+07 -6.716802486633037031e+07 -2.918086140550963750e+14 -9.521083313539563678e+05 4.982035671049757366e+04 1.282761869543679757e+06 4.589101275204560952e+05 -4.684064645859413431e+05 -2.138178409386865422e+07
-1.865847116003972664e+07 4.317990459513040632e+07 6.675948064592413281e+13 2.014585722241279727e+05 -5.035293183579848119e+04 -2.934511166566209286e+05 -4.684064645859413431e+05 5.706818149245573441e+05 2.084771930043061450e+07
-8.542964289852092266e+08 3.379147270004664898e+09 1.614960189730952000e+16 5.259860168544939160e+07 -2.326694182721368037e+06 -7.099178323029313982e+07 -2.138178409386865422e+07 2.084771930043061450e+07 1.014628831734966159e+09
