2.669847638935691118e+08 -8.112910703745449781e+08 -5.375121909862935000e+15 -1.368425532756781392e+07 7.048770999800416175e+05 2.362685115104126930e+07 6.484443866997499950e+06 -6.765672863307744265e+06 -3.146713434942465425e+08
-8.112910703745449781e+08 4.337227339926041603e+09 2.869660597948965600e+16 9.340407506683497131e+07 -2.259408820093431044e+06 -1.261464334314303249e+08 -2.049960215266519412e+07 1.514757103250761144e+07 1.035166744531055927e+09
-5.375121909862935000e+15 2.869660597948965600e+16 5.236847738572258882e+23 1.163646798655527750e+15 -1.248499928795133594e+13 -2.301818708059722000e+15 -1.090995092614220312e+14 2.797260455407244531e+13 6.013776653537960000e+15
-1.368425532756781392e+07 9.340407506683497131e+07 1.163646798655527750e+15 3.298503007746440358e+06 -3.649069157963948965e+04 -5.116333160038678907e+06 -3.209357814722524490e+05 7.046658657570996729e+04 1.759943245132739842e+07
7.048770999800416175e+05 -2.259408820093431044e+06 -1.248499928795133594e+13 -3.649069157963948965e+04 1.901631704545289722e+03 5.488500908891523432e+04 1.750358978515727358e+04 -1.811485430372448172e+04 -8.488791879573080223e+05
2.362685115104126930e+07 -1.261464334314303249e+08 -2.301818708059722000e+15 -5.116333160038678907e+06 5.488500908891523432e+04 1.011754680147070065e+07 4.796121406674754107e+05 -1.229478694643330527e+05 -2.643692778857886046e+07
6.484443866997499950e+06 -2.049960215266519412e+07 -1.090995092614220312e+14 -3.209357814722524490e+05 1.750358978515727358e+04 4.796121406674754107e+05 1.612046241310640471e+05 -1.683552237949234550e+05 -7.805491293857947923e+06
-6.765672863307744265e+06 1.514757103250761144e+07 2.797260455407244531e+13 7.046658657570996729e+04 -1.811485430372448172e+04 -1.229478694643330527e+05 -1.683552237949234550e+05 2.043096333298044046e+05 7.935162027578166686e+06
-3.146713434942465425e+08 1.035166744531055927e+09 6.013776653537960000e+15 1.759943245132739842e+07 -8.488791879573080223e+05 -2.643692778857886046e+07 -7.805491293857947923e+06 7.935162027578166686e+06 3.810009326648870707e+08
