5.809244120803286023e+03 -3.868266751447040588e+04 1.000802683804819336e+11 -1.162356067667675916e+03 -2.627901145796649462e+00 2.790327671670310519e+04 6.966254258400448407e+01 -3.291631401564112025e+01 -9.246001764316162053e+02
-3.868266751447040588e+04 3.328477050478646415e+05 -2.400931274505033203e+12 1.899665580699401471e+04 1.116310547968995337e+01 -2.568247583820177533e+05 -3.458751991168452946e+02 1.380511565227691335e+02 3.627047929118771208e+03
1.000802683804819336e+11 -2.400931274505033203e+12 1.282358650473965158e+20 -8.427802041219332275e+11 1.509980057587592840e+09 1.769023393365533936e+12 7.871759847576778412e+09 -6.727415731891094208e+09 -5.873851901807253418e+11
-1.162356067667675916e+03 1.899665580699401471e+04 -8.427802041219332275e+11 5.728376420038604920e+03 -9.600146197938526527e+00 -1.429268335754423424e+04 -5.429394621166897394e+01 4.664836834876228977e+01 3.725243535934905140e+03
-2.627901145796649462e+00 1.116310547968995337e+01 1.509980057587592840e+09 -9.600146197938526527e+00 4.110363275255346505e-02 -1.952086697808605109e+01 2.058152365456874799e-01 -1.997628019109873310e-01 -1.618688335392869604e+01
2.790327671670310519e+04 -2.568247583820177533e+05 1.769023393365533936e+12 -1.429268335754423424e+04 -1.952086697808605109e+01 2.232175586673971557e+05 1.472426321148894885e+02 -1.980350311253837248e+01 2.446225484458806477e+03
6.966254258400448407e+01 -3.458751991168452946e+02 7.871759847576778412e+09 -5.429394621166897394e+01 2.058152365456874799e-01 1.472426321148894885e+02 2.839064452532173100e+00 -1.948879236837174567e+00 -1.273036129469921036e+02
-3.291631401564112025e+01 1.380511565227691335e+02 -6.727415731891094208e+09 4.664836834876228977e+01 -1.997628019109873310e-01 -1.980350311253837248e+01 -1.948879236837174567e+00 1.586750443838651492e+00 1.012997942329519390e+02
-9.246001764316162053e+02 3.627047929118771208e+03 -5.873851901807253418e+11 3.725243535934905140e+03 -1.618688335392869604e+01 2.446225484458806477e+03 -1.273036129469921036e+02 1.012997942329519390e+02 8.089299473161560854e+03
