2.916480490618114173e+07 -5.411512134314548969e+07 -1.403605423683207500e+15 -1.521476245270256884e+06 6.391052386471700447e+04 6.155377348435410298e+06 5.813926683821313782e+05 -6.194567894588448107e+05 -3.053559395683902875e+07
-5.411512134314548969e+07 2.730934672496893406e+08 1.269335578136463750e+15 4.175040084382075816e+06 -1.678028308739212516e+05 -5.570123834591980092e+06 -1.531535347919274820e+06 1.372047544898813823e+06 8.020776942321945727e+07
-1.403605423683207500e+15 1.269335578136463750e+15 1.909287979930498032e+23 2.113199717908327500e+14 -2.086683447247481201e+12 -8.363715370497722500e+14 -1.782410595388281250e+13 7.888478877181583008e+12 9.952491310152836250e+14
-1.521476245270256884e+06 4.175040084382075816e+06 2.113199717908327500e+14 4.601242727252524346e+05 -3.688754209878473830e+03 -9.258480942774667637e+05 -3.238279611003152240e+04 5.157266803257935862e+03 1.756439245111787459e+06
6.391052386471700447e+04 -1.678028308739212516e+05 -2.086683447247481201e+12 -3.688754209878473830e+03 1.643490234719815248e+02 9.110799981813126578e+03 1.510048686297006952e+03 -1.544457445085692143e+03 -7.840271336764920852e+04
6.155377348435410298e+06 -5.570123834591980092e+06 -8.363715370497722500e+14 -9.258480942774667637e+05 9.110799981813126578e+03 3.666430433165726252e+06 7.750765854710013082e+04 -3.458087897828641144e+04 -4.352258692906782031e+06
5.813926683821313782e+05 -1.531535347919274820e+06 -1.782410595388281250e+13 -3.238279611003152240e+04 1.510048686297006952e+03 7.750765854710013082e+04 1.392134731801415001e+04 -1.428196947232417551e+04 -7.195829179238053039e+05
-6.194567894588448107e+05 1.372047544898813823e+06 7.888478877181583008e+12 5.157266803257935862e+03 -1.544457445085692143e+03 -3.458087897828641144e+04 -1.428196947232417551e+04 1.730522819763760344e+04 7.378165650647178991e+05
-3.053559395683902875e+07 8.020776942321945727e+07 9.952491310152836250e+14 1.756439245111787459e+06 -7.840271336764920852e+04 -4.352258692906782031e+06 -7.195829179238053039e+05 7.378165650647178991e+05 3.742122789852723479e+07
