1.012471526329359676e+03 -4.345602235145317536e+03 -1.304674226113916931e+11 7.166120333182551576e+02 -1.050860119435279794e+00 2.926877665801966486e+03 1.002766431787119572e+01 -5.873685725713230887e+00 8.506345230082989417e+01
-4.345602235145317536e+03 3.005136489738068849e+04 7.790629085813743591e+10 1.244911024464941391e+02 3.379500118883185245e+00 -2.303167411459376672e+04 -2.395962676248894496e+01 1.429824783575402947e+01 -7.777574252582729741e+02
-1.304674226113916931e+11 7.790629085813743591e+10 6.397747373537345536e+19 -4.032923868414739990e+11 3.826875359401476383e+08 -7.579749034690673828e+10 -6.503648229553937912e+08 -3.293142195886567235e+07 -6.559153160773888397e+10
7.166120333182551576e+02 1.244911024464941391e+02 -4.032923868414739990e+11 2.598316012366968152e+03 -2.444793623610692634e+00 1.479986392457990121e+02 3.334013161921193458e+00 1.303989956206432321e+00 3.983756350072117698e+02
-1.050860119435279794e+00 3.379500118883185245e+00 3.826875359401476383e+08 -2.444793623610692634e+00 4.273974649321789741e-03 -3.518793072836294389e+00 5.976511319007595836e-03 -1.059142883020485273e-02 -1.234338330229970415e+00
2.926877665801966486e+03 -2.303167411459376672e+04 -7.579749034690673828e+10 1.479986392457990121e+02 -3.518793072836294389e+00 1.962734921911209312e+04 1.832956228564998291e+00 1.641236224881842620e+00 1.123901214511489343e+03
1.002766431787119572e+01 -2.395962676248894496e+01 -6.503648229553937912e+08 3.334013161921193458e+00 5.976511319007595836e-03 1.832956228564998291e+00 2.795003666603464998e-01 -1.834377920179083021e-01 -8.087253448451447113e+00
-5.873685725713230887e+00 1.429824783575402947e+01 -3.293142195886567235e+07 1.303989956206432321e+00 -1.059142883020485273e-02 1.641236224881842620e+00 -1.834377920179083021e-01 1.489303192023756217e-01 6.853608325108105248e+00
8.506345230082989417e+01 -7.777574252582729741e+02 -6.559153160773888397e+10 3.983756350072117698e+02 -1.234338330229970415e+00 1.123901214511489343e+03 -8.087253448451447113e+00 6.853608325108105248e+00 5.687178089362467972e+02
