3.555689237112217396e+07 -6.855126771317973733e+07 -1.405728128793897250e+15 -1.570871165468849707e+06 8.082274499488460424e+04 6.176127662550851703e+06 7.374561987891305471e+05 -8.126109274002346210e+05 -3.748895150436413288e+07
-6.855126771317973733e+07 3.116501551534156799e+08 1.268063467332019750e+15 4.244896682246303186e+06 -2.070412952343274956e+05 -5.569525330502250232e+06 -1.894998978572649648e+06 1.813503908791308990e+06 9.625007190852501988e+07
-1.405728128793897250e+15 1.268063467332019750e+15 1.892576909890717022e+23 2.129345095548076562e+14 -2.074437904258562256e+12 -8.315188786378392500e+14 -1.741863194693054102e+13 7.931209875400601562e+12 9.949309893453556250e+14
-1.570871165468849707e+06 4.244896682246303186e+06 2.129345095548076562e+14 4.710544391307252226e+05 -3.756749763100311156e+03 -9.372488833382505691e+05 -3.241941626941458890e+04 5.576062937905844592e+03 1.803030580112074502e+06
8.082274499488460424e+04 -2.070412952343274956e+05 -2.074437904258562256e+12 -3.756749763100311156e+03 2.087614692560907770e+02 9.120033171662831592e+03 1.916389977550888034e+03 -2.059292768808683377e+03 -9.671317446985628339e+04
6.176127662550851703e+06 -5.569525330502250232e+06 -8.315188786378392500e+14 -9.372488833382505691e+05 9.120033171662831592e+03 3.653437122609219979e+06 7.658251296266658755e+04 -3.483135082722177322e+04 -4.374004059916254133e+06
7.374561987891305471e+05 -1.894998978572649648e+06 -1.741863194693054102e+13 -3.241941626941458890e+04 1.916389977550888034e+03 7.658251296266658755e+04 1.761106260903409930e+04 -1.907514484859155345e+04 -8.873573732194837648e+05
-8.126109274002346210e+05 1.813503908791308990e+06 7.931209875400601562e+12 5.576062937905844592e+03 -2.059292768808683377e+03 -3.483135082722177322e+04 -1.907514484859155345e+04 2.323528434706977350e+04 9.482104476524979109e+05
-3.748895150436413288e+07 9.625007190852501988e+07 9.949309893453556250e+14 1.803030580112074502e+06 -9.671317446985628339e+04 -4.374004059916254133e+06 -8.873573732194837648e+05 9.482104476524979109e+05 4.484636703160784394e+07
