9.012100000000000000e+06 -1.731521624400000088e+06 -2.000800000000000000e+06 3.319300000000000000e+07 -1.016700000000000000e+08 3.473300000000000000e+06
-1.731521624400000088e+06 2.090461053938976489e+06 1.773794463600000134e+06 -7.811413776000000536e+06 3.168987816000000015e+07 -4.258472256000000052e+06
-2.000800000000000000e+06 1.773794463600000134e+06 2.076900000000000000e+06 -7.135700000000000000e+06 4.419000000000000000e+07 -3.600900000000000000e+06
3.319300000000000000e+07 -7.811413776000000536e+06 -7.135700000000000000e+06 1.296400000000000000e+08 -3.452500000000000000e+08 1.595500000000000000e+07
-1.016700000000000000e+08 3.168987816000000015e+07 4.419000000000000000e+07 -3.452500000000000000e+08 1.882100000000000000e+09 -6.359900000000000000e+07
3.473300000000000000e+06 -4.258472256000000052e+06 -3.600900000000000000e+06 1.595500000000000000e+07 -6.359900000000000000e+07 8.712300000000000000e+06
