4.034621823417737484e+08 2.410952810112597048e+08 2.321052658437400341e+09 3.107561458906584382e+08 -4.920139352731687546e+09 -3.108875404306309065e+05 -2.136640985632174015e+08 2.392662354066933990e+08 2.259779773873382364e+05 -6.306545888085816801e+07 -4.000124364082868397e+07 2.410940393384190798e+08 2.407732802520999014e+08 5.338149567574368557e+05 -6.407067441506473115e+05 9.297800947745544836e+06 -1.872823778751201928e+06 1.403289814363956219e+06 4.905062264438066632e+05 5.140057155008213158e+04 2.104509540282559465e+04 -1.934998450250350833e+08
2.410952810112597048e+08 1.481816528172730505e+08 1.451781267008813858e+09 1.966524544434103072e+08 -3.012980541667797565e+09 -1.903573309325847076e+05 -1.310190154882505536e+08 1.463118061598385870e+08 1.454034207223299018e+05 -3.865357316856452823e+07 -2.462228224399717897e+07 1.481808411277427673e+08 1.543643004762629569e+08 3.234805741291769082e+05 -3.961523553688411484e+05 5.808991416925094090e+06 -1.160890092227972113e+06 8.909117133972391021e+05 3.071923405512429308e+05 3.201024905298514932e+04 1.373348818968203341e+04 -1.177735899975984693e+08
2.321052658437400341e+09 1.451781267008813858e+09 1.445537350199606705e+10 1.986909510225676060e+09 -2.958337345355149460e+10 -1.856297009804768022e+06 -1.284179848696811438e+09 1.426530330138229370e+09 1.494649149466436589e+06 -3.773721089502067566e+08 -2.423249621541177928e+08 1.451772780203895569e+09 1.580982645810682535e+09 3.098420687713001855e+06 -3.897208291296033189e+06 5.769119644263178110e+07 -1.142471720693876036e+07 9.017003417497377843e+06 3.049406562512044329e+06 3.151847083869217313e+05 1.426556353546816972e+05 -1.139527059790102005e+09
3.107561458906584382e+08 1.966524544434103072e+08 1.986909510225676060e+09 2.779942433353859186e+08 -4.023488829352646351e+09 -2.497500466711919580e+05 -1.741410240294179916e+08 1.923156932576600611e+08 2.142866309543553507e+05 -5.084987075517580658e+07 -3.300956203930742666e+07 1.966512090356429815e+08 2.254467901192189455e+08 4.054913128405688913e+05 -5.304115733509318670e+05 7.859943209703190252e+06 -1.536684710163056618e+06 1.262724994915621588e+06 4.145308238659841591e+05 4.230131127648397523e+04 2.070730570276099024e+04 -1.515739818476840258e+08
-4.920139352731687546e+09 -3.012980541667797565e+09 -2.958337345355149460e+10 -4.023488829352646828e+09 6.151719370110051727e+10 3.866073748130745720e+06 2.668727963640903473e+09 -2.973260070036562443e+09 -2.983959522097588517e+06 7.852552955920724869e+08 5.019112665501419306e+08 -3.012963817459863663e+09 -3.165976786472107887e+09 -6.526649410240288824e+06 8.051585420563617721e+06 -1.182205886374681443e+08 2.357929563068044931e+07 -1.821215616889794916e+07 -6.240658080013517290e+06 -6.486242576658570906e+05 -2.818341442867027945e+05 2.387041525449420929e+09
-3.108875404306308483e+05 -1.903573309325847076e+05 -1.856297009804768022e+06 -2.497500466711919580e+05 3.866073748130745254e+06 2.470387449608051043e+02 1.682830850162431307e+05 -1.878973401866713248e+05 -1.862920136432054221e+02 4.993090868956765917e+04 3.157991883193886315e+04 -1.903563308341608790e+05 -1.943303388391575427e+05 -4.252060740584235532e+02 5.056188200665716295e+02 -7.755115027223929246e+03 1.560939070422049781e+03 -1.179921541558606577e+03 -4.057718959516068935e+02 -4.228095369397698988e+01 -1.710076267744851819e+01 1.540087924870999705e+05
-2.136640985632174015e+08 -1.310190154882505536e+08 -1.284179848696811438e+09 -1.741410240294179916e+08 2.668727963640903473e+09 1.682830850162431307e+05 1.159569558031083792e+08 -1.293646441740496904e+08 -1.286880113684162789e+05 3.417385276204174012e+07 2.179402158549749851e+07 -1.310182968747610301e+08 -1.366150779774304032e+08 -2.855248694530511857e+05 3.500965117531698779e+05 -5.138016481172343716e+06 1.026696521394460928e+06 -7.882813020919045666e+05 -2.715207961460521910e+05 -2.828120424607164750e+04 -1.214565203405821921e+04 1.040844984430887103e+08
2.392662354066933990e+08 1.463118061598385870e+08 1.426530330138229370e+09 1.923156932576600611e+08 -2.973260070036562443e+09 -1.878973401866713248e+05 -1.293646441740496904e+08 1.464806510167375803e+08 1.423395635645147413e+05 -3.806489579753036052e+07 -2.427735591652007028e+07 1.463110167029617429e+08 1.500471568582604825e+08 3.127784238536275807e+05 -4.006459345300674904e+05 5.612696185484443791e+06 -1.126212245759354206e+06 8.745676718741222285e+05 2.777311155438088463e+05 2.797505247796947515e+04 1.213378475735998290e+04 -1.154228283775997162e+08
2.259779773873382364e+05 1.454034207223299018e+05 1.494649149466436589e+06 2.142866309543553507e+05 -2.983959522097588517e+06 -1.862920136432054221e+02 -1.286880113684162789e+05 1.423395635645147413e+05 1.875945191554481823e+02 -3.748480244292872521e+04 -2.454012609775454257e+04 1.454023732412038080e+05 1.801995813802507473e+05 2.844598139751164467e+02 -4.018958939239141159e+02 6.509666030711672647e+03 -1.258863725132651552e+03 1.136048738940982275e+03 3.057426647338025418e+02 2.848935654306047738e+01 1.584178848424792108e+01 -1.110559247279900737e+05
-6.306545888085816801e+07 -3.865357316856452823e+07 -3.773721089502067566e+08 -5.084987075517580658e+07 7.852552955920724869e+08 4.993090868956765917e+04 3.417385276204174012e+07 -3.806489579753036052e+07 -3.748480244292872521e+04 1.012467664361288957e+07 6.415086772473713383e+06 -3.865336809352414310e+07 -3.964622295154316723e+07 -8.624634343505873403e+04 1.023299733604770445e+05 -1.548764502682485618e+06 3.111547462907162262e+05 -2.342152480829679116e+05 -8.282195324500965944e+04 -8.720629772113934450e+03 -3.577142848834053439e+03 3.113494819016955048e+07
-4.000124364082867652e+07 -2.462228224399717897e+07 -2.423249621541177928e+08 -3.300956203930742666e+07 5.019112665501419306e+08 3.157991883193886315e+04 2.179402158549749851e+07 -2.427735591652007028e+07 -2.454012609775454257e+04 6.415086772473713383e+06 4.101155616291524377e+06 -2.462214444877088070e+07 -2.602364757235709578e+07 -5.327196230344532523e+04 6.585386327258129313e+04 -9.688876028744414216e+05 1.930403237614778627e+05 -1.495610474578864814e+05 -5.119696377377086901e+04 -5.318821158457705678e+03 -2.323961228681220746e+03 1.948533422975739837e+07
2.410940393384190798e+08 1.481808411277427673e+08 1.451772780203895569e+09 1.966512090356429815e+08 -3.012963817459863663e+09 -1.903563308341608790e+05 -1.310182968747610301e+08 1.463110167029617429e+08 1.454023732412038080e+05 -3.865336809352414310e+07 -2.462214444877088070e+07 1.481800294448819160e+08 1.543632221520972848e+08 3.234791221949822502e+05 -3.961500889855460846e+05 5.808960847322380170e+06 -1.160884411911708070e+06 8.909061844251598231e+05 3.071907873498932458e+05 3.201010154998402868e+04 1.373338405086165585e+04 -1.177730120061477125e+08
2.407732802520999014e+08 1.543643004762629569e+08 1.580982645810682535e+09 2.254467901192189455e+08 -3.165976786472107887e+09 -1.943303388391575427e+05 -1.366150779774303734e+08 1.500471568582605124e+08 1.801995813802507473e+05 -3.964622295154316723e+07 -2.602364757235709578e+07 1.543632221520972848e+08 1.878881623486271501e+08 3.052392147709761630e+05 -4.186863135960199288e+05 6.171570231273687445e+06 -1.185972550669940887e+06 1.028203327205074369e+06 3.260874513741352130e+05 3.277101348730313475e+04 1.781465867893319228e+04 -1.163108935834601820e+08
5.338149567574368557e+05 3.234805741291769082e+05 3.098420687713001855e+06 4.054913128405688913e+05 -6.526649410240288824e+06 -4.252060740584235532e+02 -2.855248694530511857e+05 3.127784238536275807e+05 2.844598139751164467e+02 -8.624634343505873403e+04 -5.327196230344532523e+04 3.234791221949822502e+05 3.052392147709761630e+05 8.129926707235719050e+02 -8.052664351257053568e+02 1.365699585088792446e+04 -2.805579536601144810e+03 1.894698786497078572e+03 7.964581561499447844e+02 9.104390317479249006e+01 3.003576082041871231e+01 -2.757317814278652659e+05
-6.407067441506473115e+05 -3.961523553688411484e+05 -3.897208291296033189e+06 -5.304115733509318670e+05 8.051585420563617721e+06 5.056188200665716295e+02 3.500965117531698779e+05 -4.006459345300674904e+05 -4.018958939239141159e+02 1.023299733604770445e+05 6.585386327258129313e+04 -3.961500889855460846e+05 -4.186863135960198706e+05 -8.052664351257053568e+02 1.121006513197398817e+03 -1.493095381741178062e+04 2.976659945671537116e+03 -2.413857844905563525e+03 -6.907889585714272016e+02 -6.509004154353232252e+01 -3.109919896823367580e+01 3.056043324659756036e+05
9.297800947745544836e+06 5.808991416925094090e+06 5.769119644263178110e+07 7.859943209703190252e+06 -1.182205886374681443e+08 -7.755115027223929246e+03 -5.138016481172343716e+06 5.612696185484442860e+06 6.509666030711672647e+03 -1.548764502682485618e+06 -9.688876028744414216e+05 5.808960847322380170e+06 6.171570231273687445e+06 1.365699585088792446e+04 -1.493095381741177880e+04 2.988083207151130191e+05 -6.050163021152341389e+04 4.612996662353272404e+04 1.540495304714021040e+04 1.581183723386993961e+03 5.768703962738263726e+02 -4.948536174238913693e+06
-1.872823778751201928e+06 -1.160890092227972113e+06 -1.142471720693876036e+07 -1.536684710163056618e+06 2.357929563068044931e+07 1.560939070422049781e+03 1.026696521394460928e+06 -1.126212245759354439e+06 -1.258863725132651552e+03 3.111547462907162262e+05 1.930403237614778627e+05 -1.160884411911708070e+06 -1.185972550669940887e+06 -2.805579536601144810e+03 2.976659945671536661e+03 -6.050163021152341389e+04 1.238448073070162900e+04 -9.180388840670961144e+03 -3.080755640326492539e+03 -3.169901960278521642e+02 -1.070387360669703725e+02 1.006424558295313967e+06
1.403289814363956219e+06 8.909117133972389856e+05 9.017003417497377843e+06 1.262724994915621588e+06 -1.821215616889794916e+07 -1.179921541558606577e+03 -7.882813020919045666e+05 8.745676718741222285e+05 1.136048738940982275e+03 -2.342152480829679116e+05 -1.495610474578864814e+05 8.909061844251599396e+05 1.028203327205074369e+06 1.894698786497078345e+03 -2.413857844905563525e+03 4.612996662353271677e+04 -9.180388840670961144e+03 7.808597137924482013e+03 2.065810845191361295e+03 1.918173007050962156e+02 8.608574769290969186e+01 -7.258064654745169682e+05
4.905062264438066632e+05 3.071923405512429308e+05 3.049406562512044329e+06 4.145308238659841591e+05 -6.240658080013517290e+06 -4.057718959516069503e+02 -2.715207961460521910e+05 2.777311155438088463e+05 3.057426647338025418e+02 -8.282195324500965944e+04 -5.119696377377086901e+04 3.071907873498932458e+05 3.260874513741352130e+05 7.964581561499446707e+02 -6.907889585714272016e+02 1.540495304714021040e+04 -3.080755640326492539e+03 2.065810845191361295e+03 1.103205521193149934e+03 1.272291099631434861e+02 4.687929561921940547e+01 -2.699215506477359449e+05
5.140057155008213158e+04 3.201024905298514932e+04 3.151847083869217313e+05 4.230131127648397523e+04 -6.486242576658570906e+05 -4.228095369397698988e+01 -2.828120424607164750e+04 2.797505247796947151e+04 2.848935654306047738e+01 -8.720629772113934450e+03 -5.318821158457707497e+03 3.201010154998402868e+04 3.277101348730313475e+04 9.104390317479249006e+01 -6.509004154353232252e+01 1.581183723386993961e+03 -3.169901960278521074e+02 1.918173007050962156e+02 1.272291099631434861e+02 1.630663138941149271e+01 5.419351544106529417e+00 -2.899093276264417364e+04
2.104509540282559101e+04 1.373348818968203341e+04 1.426556353546816972e+05 2.070730570276099388e+04 -2.818341442867027945e+05 -1.710076267744851819e+01 -1.214565203405821921e+04 1.213378475735998290e+04 1.584178848424792108e+01 -3.577142848834053439e+03 -2.323961228681220746e+03 1.373338405086165585e+04 1.781465867893319228e+04 3.003576082041871231e+01 -3.109919896823367580e+01 5.768703962738263726e+02 -1.070387360669703725e+02 8.608574769290969186e+01 4.687929561921940547e+01 5.419351544106529417e+00 3.148760513201412703e+00 -1.074889468677499826e+04
-1.934998450250350833e+08 -1.177735899975984693e+08 -1.139527059790102005e+09 -1.515739818476840258e+08 2.387041525449420929e+09 1.540087924870999705e+05 1.040844984430887103e+08 -1.154228283775997162e+08 -1.110559247279900737e+05 3.113494819016955048e+07 1.948533422975739837e+07 -1.177730120061477125e+08 -1.163108935834601820e+08 -2.757317814278652659e+05 3.056043324659756036e+05 -4.948536174238913693e+06 1.006424558295313967e+06 -7.258064654745169682e+05 -2.699215506477359449e+05 -2.899093276264417364e+04 -1.074889468677499826e+04 9.775448070654253662e+07
