2.782532493240314070e+05 3.283207950734097976e+05 1.957739914690605656e+05 3.509070141024469398e+06 -5.975150306084298529e+06 -5.320555403406747246e+02 -1.000239658442922955e+05 3.455791683874684968e+05 1.636165027098390681e+02
3.283207950734097976e+05 6.906408272587896790e+05 4.579733536187435384e+05 7.749311933232652023e+06 -1.115575686317341588e+07 -1.118953418752778362e+03 -2.151172688995304925e+05 7.130811507041706936e+05 3.408040765297908479e+02
1.957739914690605656e+05 4.579733536187435384e+05 3.803812938608316472e+05 5.478289305017238483e+06 -7.791140653811467811e+06 -7.421628799622927772e+02 -1.437557775739326898e+05 4.728538382048647036e+05 2.641598484784794891e+02
3.509070141024469398e+06 7.749311933232652023e+06 5.478289305017238483e+06 8.866772631155924499e+07 -1.269931493133163005e+08 -1.255578573054763910e+04 -2.420340636030939408e+06 7.984602621581186540e+06 3.969083475893460673e+03
-5.975150306084298529e+06 -1.115575686317341588e+07 -7.791140653811467811e+06 -1.269931493133163005e+08 1.899096697232870162e+08 1.807594371193975894e+04 3.468812542372253723e+06 -1.153470605079570599e+07 -5.746902921597079512e+03
-5.320555403406747246e+02 -1.118953418752778362e+03 -7.421628799622927772e+02 -1.255578573054763910e+04 1.807594371193975894e+04 1.812895370562145558e+00 3.485268595929541675e+02 -1.155310488370075973e+03 -5.522302798730402973e-01
-1.000239658442922955e+05 -2.151172688995304925e+05 -1.437557775739326898e+05 -2.420340636030939408e+06 3.468812542372253723e+06 3.485268595929541675e+02 6.716077545528943301e+04 -2.205519969990721438e+05 -1.051271669887973985e+02
3.455791683874684968e+05 7.130811507041706936e+05 4.728538382048647036e+05 7.984602621581186540e+06 -1.153470605079570599e+07 -1.155310488370075973e+03 -2.205519969990721438e+05 7.604521260953674791e+05 3.737303880232257143e+02
1.636165027098390681e+02 3.408040765297908479e+02 2.641598484784794891e+02 3.969083475893460673e+03 -5.746902921597079512e+03 -5.522302798730402973e-01 -1.051271669887973985e+02 3.737303880232257143e+02 2.128256794615847602e-01
