2.051512747594437003e+07 9.493928753257652745e+06 5.455952382016694173e+06 6.427857153464526683e+07 -1.852935872636882365e+08 -1.365103982322564843e+04 1.047189183686035313e+07 2.015955148331749078e+05 -5.000064955582166294e+04 1.718549596128641497e+04 5.607721598075976544e+03 5.796579781369468947e+02 2.145493541732522772e+03 3.068891366368779572e+01 -2.652811990520183928e+06 -1.436910363633666653e+06 2.644100475827942137e+06 2.965953062909525397e+04 -2.443394014707713359e+04 -9.483087279181959108e+06
9.493928753257652745e+06 4.736654798698278144e+06 2.996277480862827972e+06 3.412146595962841064e+07 -9.044962433284063637e+07 -6.818129920399550429e+03 5.203992804214078002e+06 1.077759381581969938e+05 -2.661362505208083894e+04 9.265290827680943039e+03 2.984518148300750909e+03 3.067857740690710671e+02 1.146553117434709065e+03 1.702242250898578035e+01 -1.325471256075814832e+06 -7.144396840304929065e+05 1.413557724758061580e+06 1.508124349961940970e+04 -1.242862693313727141e+04 -4.735611346322445199e+06
5.455952382016694173e+06 2.996277480862827972e+06 2.511541133923588786e+06 2.485323421647789702e+07 -5.878833387966841459e+07 -4.307367207070391487e+03 3.255923998849561904e+06 8.254142751884985773e+04 -2.009950373117372146e+04 7.385978845868094140e+03 2.265679196349351514e+03 2.278175620710633780e+02 9.156159328904137737e+02 1.515217770414735554e+01 -8.398429440152677707e+05 -4.704101876522287494e+05 1.124955764844182646e+06 9.402229933886630533e+03 -8.006305893975426443e+03 -2.970212976900816895e+06
6.427857153464526683e+07 3.412146595962841809e+07 2.485323421647789702e+07 2.652311497893989682e+08 -6.557257996560102701e+08 -4.915274011010274990e+04 3.727254613696222752e+07 8.548995110087662470e+05 -2.098522725582480780e+05 7.454093730654875981e+04 2.354116933189168049e+04 2.398663536257652595e+03 9.180752840360439222e+03 1.431195353515580280e+02 -9.567098995643289760e+06 -5.223454528195870109e+06 1.125652574157561548e+07 1.091551829938626324e+05 -9.059896174320625141e+04 -3.408469455328256637e+07
-1.852935872636882365e+08 -9.044962433284063637e+07 -5.878833387966841459e+07 -6.557257996560102701e+08 1.769291592855095625e+09 1.301748433807092806e+05 -9.929652205381660163e+07 -2.087774140608551214e+06 5.150832864096084959e+05 -1.799684068775738124e+05 -5.768900943954356626e+04 -5.917274329347474122e+03 -2.232870114857719091e+04 -3.336605504775379245e+02 2.531934692063653469e+07 1.381932181398634985e+07 -2.735271362043090537e+07 -2.847594013050218346e+05 2.355666332999919541e+05 9.035043066522805393e+07
-1.365103982322564843e+04 -6.818129920399549519e+03 -4.307367207070391487e+03 -4.915274011010274990e+04 1.301748433807092806e+05 9.860868353497576067e+00 -7.487810988029686087e+03 -1.574323973231367120e+02 3.892067692687253100e+01 -1.341550287400385777e+01 -4.302591481557797692e+00 -4.416853117912838966e-01 -1.627878266313945499e+00 -2.350473522090461981e-02 1.913484749869520329e+03 1.028379525236806330e+03 -2.016114515693574958e+03 -2.193338742081662573e+01 1.781962536941145814e+01 6.872553993363411792e+03
1.047189183686035313e+07 5.203992804214078002e+06 3.255923998849561904e+06 3.727254613696222752e+07 -9.929652205381660163e+07 -7.487810988029686087e+03 5.765370395312583074e+06 1.159526939418889524e+05 -2.860500072892291064e+04 1.018117377839865185e+04 3.034738168396635047e+03 3.016933082700174964e+02 1.262141412707054542e+03 1.711378351795923791e+01 -1.452923375740153249e+06 -7.839016414570613997e+05 1.537773999501298182e+06 1.617019133093951677e+04 -1.385160329809591894e+04 -5.169583100531309843e+06
2.015955148331749078e+05 1.077759381581969938e+05 8.254142751884985773e+04 8.548995110087661305e+05 -2.087774140608551214e+06 -1.574323973231367120e+02 1.159526939418889524e+05 3.067702249353285879e+03 -7.509434909740240300e+02 2.572290134088565878e+02 8.584540332445428135e+01 8.913268292717965835e+00 2.957499757293100018e+01 4.899737357690403527e-01 -3.053406738412023697e+04 -1.664768819613899541e+04 3.861028782452231098e+04 3.602082632173091952e+02 -2.767628696494141423e+02 -1.109317485426322091e+05
-5.000064955582166294e+04 -2.661362505208083894e+04 -2.009950373117372146e+04 -2.098522725582480780e+05 5.150832864096084959e+05 3.892067692687253100e+01 -2.860500072892291064e+04 -7.509434909740239164e+02 1.843087126205601010e+02 -6.229544262343623728e+01 -2.115401357392298110e+01 -2.210298769426942922e+00 -7.125235451028951950e+00 -1.167983522668767926e-01 7.549653149036958894e+03 4.104904773754263260e+03 -9.301673467169770447e+03 -8.985011652375965241e+01 6.801806232744817748e+01 2.750224433354267239e+04
1.718549596128641497e+04 9.265290827680943039e+03 7.385978845868094140e+03 7.454093730654875981e+04 -1.799684068775738124e+05 -1.341550287400385777e+01 1.018117377839865185e+04 2.572290134088565878e+02 -6.229544262343623728e+01 2.359246908389635422e+01 6.326526432164919278e+00 5.986142080404583954e-01 2.834443069621751299e+00 4.116035245959352717e-02 -2.595143906159503786e+03 -1.437669519896750899e+03 3.572752579044281447e+03 2.827821211549986558e+01 -2.503730747146514801e+01 -9.215298144653797863e+03
5.607721598075976544e+03 2.984518148300750909e+03 2.265679196349351514e+03 2.354116933189168049e+04 -5.768900943954356626e+04 -4.302591481557797692e+00 3.034738168396635047e+03 8.584540332445428135e+01 -2.115401357392298110e+01 6.326526432164919278e+00 3.406309256529909568e+00 3.986106602672283561e-01 7.787166356338340867e-01 2.281886651407229183e-02 -8.503311525725810043e+02 -4.606360628902501730e+02 1.071072593871443132e+03 1.122519567277631758e+01 -6.922690337671840055e+00 -3.125843224464464129e+03
5.796579781369468947e+02 3.067857740690710671e+02 2.278175620710633780e+02 2.398663536257652595e+03 -5.917274329347474122e+03 -4.416853117912838966e-01 3.016933082700174964e+02 8.913268292717965835e+00 -2.210298769426942922e+00 5.986142080404583954e-01 3.986106602672283561e-01 5.169269663253891339e-02 7.433346132411687568e-02 2.695433945987069611e-03 -8.803610107330045764e+01 -4.723681741702854708e+01 1.066085538324516335e+02 1.265599971286797132e+00 -6.531160980483013967e-01 -3.281523428961917830e+02
2.145493541732522772e+03 1.146553117434709065e+03 9.156159328904137737e+02 9.180752840360439222e+03 -2.232870114857719091e+04 -1.627878266313945499e+00 1.262141412707054542e+03 2.957499757293100018e+01 -7.125235451028951950e+00 2.834443069621751299e+00 7.787166356338340867e-01 7.433346132411687568e-02 3.726935535428006485e-01 6.091981629573187638e-03 -3.172841902524988882e+02 -1.779752188381806945e+02 4.561132737869549487e+02 3.351949272600905694e+00 -3.147098901853067954e+00 -1.101755938339685827e+03
3.068891366368779572e+01 1.702242250898578035e+01 1.515217770414735554e+01 1.431195353515580280e+02 -3.336605504775379245e+02 -2.350473522090461981e-02 1.711378351795923791e+01 4.899737357690403527e-01 -1.167983522668767926e-01 4.116035245959352717e-02 2.281886651407229183e-02 2.695433945987069611e-03 6.091981629573187638e-03 2.512033759413057283e-04 -4.729458497803541661e+00 -2.678519240428777870e+00 8.139317091362604728e+00 5.784200469868690242e-02 -4.040091974735994518e-02 -1.650435427780878683e+01
-2.652811990520183928e+06 -1.325471256075814832e+06 -8.398429440152677707e+05 -9.567098995643289760e+06 2.531934692063653469e+07 1.913484749869520556e+03 -1.452923375740153249e+06 -3.053406738412024060e+04 7.549653149036958894e+03 -2.595143906159503786e+03 -8.503311525725810043e+02 -8.803610107330045764e+01 -3.172841902524988882e+02 -4.729458497803541661e+00 3.718087358119386481e+05 2.000218506656309764e+05 -3.925095355496356497e+05 -4.274434220317973086e+03 3.457000633814098819e+03 1.334032026749742916e+06
-1.436910363633666653e+06 -7.144396840304929065e+05 -4.704101876522287494e+05 -5.223454528195870109e+06 1.381932181398634985e+07 1.028379525236806330e+03 -7.839016414570613997e+05 -1.664768819613899541e+04 4.104904773754264170e+03 -1.437669519896750899e+03 -4.606360628902501730e+02 -4.723681741702854708e+01 -1.779752188381806945e+02 -2.678519240428777870e+00 2.000218506656309764e+05 1.088240195674188290e+05 -2.185930126346715551e+05 -2.261869083289791888e+03 1.869783733758433755e+03 7.137817896340137813e+05
2.644100475827941671e+06 1.413557724758061580e+06 1.124955764844182646e+06 1.125652574157561548e+07 -2.735271362043090537e+07 -2.016114515693574958e+03 1.537773999501298182e+06 3.861028782452231098e+04 -9.301673467169770447e+03 3.572752579044281447e+03 1.071072593871443132e+03 1.066085538324516335e+02 4.561132737869549487e+02 8.139317091362604728e+00 -3.925095355496356497e+05 -2.185930126346715551e+05 5.962164883647762472e+05 4.270353357743331799e+03 -3.784741214065447821e+03 -1.378815319093196653e+06
2.965953062909525397e+04 1.508124349961940970e+04 9.402229933886630533e+03 1.091551829938626324e+05 -2.847594013050218346e+05 -2.193338742081662573e+01 1.617019133093951677e+04 3.602082632173091952e+02 -8.985011652375965241e+01 2.827821211549986202e+01 1.122519567277631758e+01 1.265599971286797132e+00 3.351949272600905694e+00 5.784200469868690242e-02 -4.274434220317973086e+03 -2.261869083289791888e+03 4.270353357743331799e+03 5.357373668473544370e+01 -3.752186734370123133e+01 -1.564438287028753439e+04
-2.443394014707713359e+04 -1.242862693313727141e+04 -8.006305893975426443e+03 -9.059896174320625141e+04 2.355666332999919541e+05 1.781962536941145814e+01 -1.385160329809591894e+04 -2.767628696494141423e+02 6.801806232744817748e+01 -2.503730747146514801e+01 -6.922690337671840055e+00 -6.531160980483013967e-01 -3.147098901853067954e+00 -4.040091974735994518e-02 3.457000633814098819e+03 1.869783733758433755e+03 -3.784741214065447821e+03 -3.752186734370123133e+01 3.390255277376265042e+01 1.220166836133659126e+04
-9.483087279181959108e+06 -4.735611346322445199e+06 -2.970212976900816895e+06 -3.408469455328256637e+07 9.035043066522805393e+07 6.872553993363411792e+03 -5.169583100531309843e+06 -1.109317485426322091e+05 2.750224433354267239e+04 -9.215298144653797863e+03 -3.125843224464464129e+03 -3.281523428961917830e+02 -1.101755938339685827e+03 -1.650435427780878683e+01 1.334032026749742916e+06 7.137817896340137813e+05 -1.378815319093196653e+06 -1.564438287028753439e+04 1.220166836133658944e+04 4.826652097744513303e+06
