  omega_b    omega_cdm          h    log(A_s)        n_s          b          N
---------  -----------  ---------  ----------  ---------  ---------  ---------
 1           -0.950304  -0.957205   -0.976074  -0.879283  -0.968247  -0.878795
-0.950304     1          0.832217    0.966604   0.944828   0.951383   0.892914
-0.957205     0.832217   1           0.926314   0.733764   0.926863   0.794102
-0.976074     0.966604   0.926314    1          0.856338   0.990365   0.864522
-0.879283     0.944828   0.733764    0.856338   1          0.845535   0.901964
-0.968247     0.951383   0.926863    0.990365   0.845535   1          0.886967
-0.878795     0.892914   0.794102    0.864522   0.901964   0.886967   1