nan nan nan nan nan nan nan nan nan nan nan nan nan nan nan nan nan
nan nan nan nan nan nan nan nan nan nan nan nan nan nan nan nan nan
nan nan nan nan nan nan nan nan nan nan nan nan nan nan nan nan nan
nan nan nan 8.285641725357574224e+08 -1.124112199649736404e+10 -6.364037231710092165e+05 -4.768228815715456009e+08 5.044155739705651999e+08 1.864266808067951817e+06 -2.661656988982399404e+08 2.238579099502088793e+05 -9.146552034968307614e+07 2.929322817251460627e+06 5.384174589223561287e+08 7.200405601153125763e+08 -1.080301918937263079e+06 -6.333332896743713645e+05
nan nan nan -1.124112199649736404e+10 1.574581033586653748e+11 9.099421683737520128e+06 6.708893603909187317e+09 -7.137638351066999435e+09 -2.415436293517047539e+07 3.750396830930673122e+09 -3.179280719004509971e+06 1.280220450475941658e+09 -3.740586077597407252e+07 -7.572558728812311172e+09 -9.548254138767337799e+09 1.524643595914269798e+07 8.895975461210776120e+06
nan nan nan -6.364037231710092165e+05 9.099421683737520128e+06 5.508533680374474670e+02 3.905408655678315554e+05 -4.175338736992648337e+05 -1.303366594008868333e+03 2.196039089306141541e+05 -1.710730069485613001e+02 7.424708337170044251e+04 -1.877141922804208434e+03 -4.412423208529790863e+05 -5.278251527590253390e+05 9.099853745212986951e+02 5.094275207401897774e+02
nan nan nan -4.768228815715456009e+08 6.708893603909187317e+09 3.905408655678315554e+05 2.864528223442413211e+08 -3.050645189825059175e+08 -1.010062900554521824e+06 1.602658844699629843e+08 -1.351897929647229321e+05 5.461100110880555958e+07 -1.554917598452562699e+06 -3.234548394387204051e+08 -4.027419567211631536e+08 6.506455899090981111e+05 3.794424021987477900e+05
nan nan nan 5.044155739705651999e+08 -7.137638351066999435e+09 -4.175338736992648337e+05 -3.050645189825059175e+08 3.286529302331795096e+08 1.066622956997703994e+06 -1.706565762529794574e+08 1.462649773120600730e+05 -5.810261826912331581e+07 1.612424159109521890e+06 3.446030997218914032e+08 4.237304335426765084e+08 -7.000051092360001057e+05 -4.057697889135662117e+05
nan nan nan 1.864266808067951817e+06 -2.415436293517047539e+07 -1.303366594008868333e+03 -1.010062900554521824e+06 1.066622956997703994e+06 4.785180342311841741e+03 -5.622881467523440951e+05 4.825225259050012028e+02 -1.953932026263684093e+05 7.607190161100601472e+03 1.140763344173391350e+06 1.702360218258285429e+06 -2.368206388695111400e+03 -1.351049485619802454e+03
nan nan nan -2.661656988982399702e+08 3.750396830930673122e+09 2.196039089306141541e+05 1.602658844699629843e+08 -1.706565762529794574e+08 -5.622881467523440951e+05 8.978390181602783501e+07 -7.472863548776334210e+04 3.054363832031255215e+07 -8.602637812138886657e+05 -1.810479078471198082e+08 -2.244236966466742158e+08 3.660603528614404495e+05 2.117838783476814569e+05
nan nan nan 2.238579099502089084e+05 -3.179280719004509971e+06 -1.710730069485613001e+02 -1.351897929647229321e+05 1.462649773120600730e+05 4.825225259050012028e+02 -7.472863548776334210e+04 8.465390359862996661e+01 -2.574142425375014864e+04 8.269026446832806414e+02 1.528888268066042510e+05 1.912301147188263712e+05 -2.839924173741833897e+02 -1.890506423171433710e+02
nan nan nan -9.146552034968307614e+07 1.280220450475941658e+09 7.424708337170044251e+04 5.461100110880555958e+07 -5.810261826912331581e+07 -1.953932026263684093e+05 3.054363832031255215e+07 -2.574142425375014864e+04 1.042067286801935919e+07 -3.016130061233237502e+05 -6.166334300489275903e+07 -7.757140774290999770e+07 1.239879386588478228e+05 7.235643359249409696e+04
nan nan nan 2.929322817251460627e+06 -3.740586077597407252e+07 -1.877141922804208434e+03 -1.554917598452562699e+06 1.612424159109521890e+06 7.607190161100601472e+03 -8.602637812138886657e+05 8.269026446832806414e+02 -3.016130061233237502e+05 1.345843780555508965e+04 1.756068397927751765e+06 2.722572047922943719e+06 -3.451490667518895862e+03 -2.127604157571573523e+03
nan nan nan 5.384174589223561287e+08 -7.572558728812311172e+09 -4.412423208529790863e+05 -3.234548394387204051e+08 3.446030997218914032e+08 1.140763344173391350e+06 -1.810479078471198082e+08 1.528888268066042510e+05 -6.166334300489275903e+07 1.756068397927751765e+06 3.653998767136752605e+08 4.548517713554413319e+08 -7.351374635192354908e+05 -4.286150957185791922e+05
nan nan nan 7.200405601153125763e+08 -9.548254138767337799e+09 -5.278251527590253390e+05 -4.027419567211631536e+08 4.237304335426765084e+08 1.702360218258285429e+06 -2.244236966466742158e+08 1.912301147188263712e+05 -7.757140774290999770e+07 2.722572047922943719e+06 4.548517713554413319e+08 6.401490945288934708e+08 -9.128602876292697620e+05 -5.365959221787723945e+05
nan nan nan -1.080301918937263079e+06 1.524643595914269798e+07 9.099853745212986951e+02 6.506455899090981111e+05 -7.000051092359999893e+05 -2.368206388695111400e+03 3.660603528614404495e+05 -2.839924173741833897e+02 1.239879386588478228e+05 -3.451490667518895862e+03 -7.351374635192354908e+05 -9.128602876292697620e+05 1.575831131081470403e+03 8.506125688832420337e+02
nan nan nan -6.333332896743713645e+05 8.895975461210776120e+06 5.094275207401897774e+02 3.794424021987477900e+05 -4.057697889135662117e+05 -1.351049485619802454e+03 2.117838783476814569e+05 -1.890506423171433426e+02 7.235643359249409696e+04 -2.127604157571573523e+03 -4.286150957185791922e+05 -5.365959221787723945e+05 8.506125688832420337e+02 5.085444253780770509e+02
