nan nan nan nan nan nan nan nan nan nan nan nan nan nan nan nan nan
nan 3.584291539937454462e+07 3.452256223028189540e+08 4.299478722667361796e+07 -7.172816524339873791e+08 -5.287108462228147982e+04 -3.169182345648821443e+07 3.506608984874661267e+07 6.214478804863526602e+04 -1.843532659274405241e+07 7.687293005597063711e+03 -5.891804168532067910e+06 4.364587990432578954e+04 3.584283255832206458e+07 2.971008226283397526e+07 -9.064262558928117505e+04 -3.750119022353307810e+04
nan 3.452256223028189540e+08 3.355447274255673409e+09 4.213954724199663401e+08 -6.914877443026868820e+09 -5.093827905961614451e+05 -3.052695423334594965e+08 3.378291927449703217e+08 6.191139528496443527e+05 -1.775948760696448386e+08 7.187606505624132114e+04 -5.688126569822245091e+07 4.313081403326787404e+05 3.452247921544327736e+08 2.934902645890231729e+08 -8.761601977010942064e+05 -3.602001007604975603e+05
nan 4.299478722667361796e+07 4.213954724199663401e+08 5.348742406273604184e+07 -8.633646045919308662e+08 -6.345854965258760058e+04 -3.804908073812860996e+07 4.215211763895683736e+07 8.051365954949740262e+04 -2.211515855005219579e+07 8.716682981549531178e+03 -7.108045399504958652e+06 5.540188587637736055e+04 4.299467823412247747e+07 3.766804612961029261e+07 -1.097330491849259997e+05 -4.473997463011219224e+04
nan -7.172816524339873791e+08 -6.914877443026868820e+09 -8.633646045919308662e+08 1.439782027551499939e+10 1.058071107996122912e+06 6.350287190886961222e+08 -7.020803148247636557e+08 -1.252481275796216447e+06 3.689277053051369190e+08 -1.530498254615236947e+05 1.181071100905439854e+08 -8.776767393215011107e+05 -7.172799794023767710e+08 -5.974558178332557678e+08 1.815577908196994336e+06 7.501862135713254102e+05
nan -5.287108462228147982e+04 -5.093827905961614451e+05 -6.345854965258760785e+04 1.058071107996122912e+06 7.799123741914803531e+01 4.674773591710935580e+04 -5.170724274305312429e+04 -9.176088254208016792e+01 2.719474685395462075e+04 -1.132241571488084020e+01 8.691564979301128915e+03 -6.445903360563221440e+01 -5.287096237940515130e+04 -4.386715960623230785e+04 1.336986053294327803e+02 5.530285694828009468e+01
nan -3.169182345648821443e+07 -3.052695423334594965e+08 -3.804908073812860996e+07 6.350287190886961222e+08 4.674773591710935580e+04 2.804032692123508081e+07 -3.100907556512505561e+07 -5.499604987956577679e+04 1.630105836641682871e+07 -6.780312182387606299e+03 5.213333913919582032e+06 -3.861453228759131889e+04 -3.169175011735090986e+07 -2.628570979633336887e+07 8.015466259327238367e+04 3.315689231533596467e+04
nan 3.506608984874661267e+07 3.378291927449703217e+08 4.215211763895683736e+07 -7.020803148247636557e+08 -5.170724274305312429e+04 -3.100907556512505561e+07 3.474797637730509043e+07 6.198275435422974988e+04 -1.800689802263763547e+07 7.687859111394282991e+03 -5.765713392318662256e+06 4.273248509065520193e+04 3.506600509695052356e+07 2.920277291995225847e+07 -8.933050619760266272e+04 -3.685880070413502108e+04
nan 6.214478804863526602e+04 6.191139528496443527e+05 8.051365954949740262e+04 -1.252481275796216447e+06 -9.176088254208016792e+01 -5.499604987956577679e+04 6.198275435422974988e+04 1.325949553411937529e+02 -3.188535177785396081e+04 1.238480704044734360e+01 -1.033063452315139875e+04 8.672456365524969613e+01 6.214460078437999618e+04 5.871273091715513146e+04 -1.625531687492221238e+02 -6.457520567226598018e+01
nan -1.843532659274404868e+07 -1.775948760696448386e+08 -2.211515855005219579e+07 3.689277053051368594e+08 2.719474685395462075e+04 1.630105836641682871e+07 -1.800689802263763547e+07 -3.188535177785396081e+04 9.484118563574124128e+06 -3.938200505653239816e+03 3.030534356853634585e+06 -2.244800279210286317e+04 -1.843528422824597359e+07 -1.527353244799940288e+07 4.657709483344240289e+04 1.927668857725933049e+04
nan 7.687293005597063711e+03 7.187606505624132114e+04 8.716682981549531178e+03 -1.530498254615236947e+05 -1.132241571488084020e+01 -6.780312182387606299e+03 7.687859111394282991e+03 1.238480704044734360e+01 -3.938200505653239816e+03 1.897591341430905576e+00 -1.251831336986843780e+03 8.627426222873765482e+00 7.687276022677066067e+03 5.923100006144268264e+03 -1.948052659208594406e+01 -8.177209752840742141e+00
nan -5.891804168532067910e+06 -5.688126569822245091e+07 -7.108045399504958652e+06 1.181071100905440003e+08 8.691564979301128915e+03 5.213333913919582963e+06 -5.765713392318662256e+06 -1.033063452315139875e+04 3.030534356853635050e+06 -1.251831336986843780e+03 9.699247962990242522e+05 -7.234259944120763066e+03 -5.891790365414976142e+06 -4.924158307305310853e+06 1.491843637540961208e+04 6.159375684492832988e+03
nan 4.364587990432578954e+04 4.313081403326787404e+05 5.540188587637736055e+04 -8.776767393215011107e+05 -6.445903360563221440e+01 -3.861453228759131889e+04 4.273248509065520193e+04 8.672456365524969613e+01 -2.244800279210286681e+04 8.627426222873765482e+00 -7.234259944120763066e+03 5.891792094322956075e+01 4.364576229388220236e+04 3.975129549659271288e+04 -1.121701153199003045e+02 -4.517779634140101308e+01
nan 3.584283255832206458e+07 3.452247921544327736e+08 4.299467823412247747e+07 -7.172799794023768902e+08 -5.287096237940514402e+04 -3.169175011735090986e+07 3.506600509695052356e+07 6.214460078437999618e+04 -1.843528422824597359e+07 7.687276022677066067e+03 -5.891790365414976142e+06 4.364576229388220236e+04 3.584274971754674613e+07 2.971000188307909295e+07 -9.064240476536602364e+04 -3.750110343899617146e+04
nan 2.971008226283397526e+07 2.934902645890231729e+08 3.766804612961029261e+07 -5.974558178332557678e+08 -4.386715960623230785e+04 -2.628570979633336514e+07 2.920277291995225847e+07 5.871273091715513146e+04 -1.527353244799940288e+07 5.923100006144268264e+03 -4.924158307305310853e+06 3.975129549659271288e+04 2.971000188307909295e+07 2.696406290733264759e+07 -7.641808514438438579e+04 -3.082362715449393727e+04
nan -9.064262558928117505e+04 -8.761601977010942064e+05 -1.097330491849259997e+05 1.815577908196994336e+06 1.336986053294327803e+02 8.015466259327238367e+04 -8.933050619760264817e+04 -1.625531687492221238e+02 4.657709483344240289e+04 -1.948052659208594051e+01 1.491843637540961208e+04 -1.121701153199003045e+02 -9.064240476536602364e+04 -7.641808514438438579e+04 2.308613392467570975e+02 9.496305622349767361e+01
nan -3.750119022353307810e+04 -3.602001007604975603e+05 -4.473997463011219224e+04 7.501862135713254102e+05 5.530285694828009468e+01 3.315689231533596467e+04 -3.685880070413502108e+04 -6.457520567226598018e+01 1.927668857725933049e+04 -8.177209752840742141e+00 6.159375684492832079e+03 -4.517779634140101308e+01 -3.750110343899617146e+04 -3.082362715449393727e+04 9.496305622349767361e+01 3.935166682200717503e+01
