1.337807151841238439e+08 8.528292225113183260e+07 8.723245958582828045e+08 1.203817513760858476e+08 -1.739651760455504179e+09 -1.126648481855814898e+05 -7.568012786088255048e+07 8.698865018775200844e+07 9.686086563654367637e+04 -4.185252504348471761e+07 6.555522311846163939e+04 -1.434820169831631146e+07 4.968914321873665322e+05 8.528239285454048216e+07 9.763674115001402795e+07 1.245965236177521438e+05 -9.657097946103008871e+04
8.528292225113183260e+07 5.563569268698610365e+07 5.761915401539726257e+08 8.014683790138965845e+07 -1.131374779221346140e+09 -7.352396167190208507e+04 -4.927355296128149331e+07 5.663202247167371213e+07 6.601416397042639437e+04 -2.730829894789966568e+07 4.115835200957971392e+04 -9.369167572224959731e+06 3.351953841918687103e+05 5.563533209535083920e+07 6.567649447746318579e+07 8.097211141126840084e+04 -6.275902313296749344e+04
8.723245958582828045e+08 5.761915401539726257e+08 6.024987339863245010e+09 8.449348831385002136e+08 -1.172755129890272141e+10 -7.616555876389822224e+05 -5.103114938926567435e+08 5.855804853216654062e+08 7.098160288404447492e+05 -2.828671028615402579e+08 4.115592564709606813e+05 -9.728331411180649698e+07 3.572719381382859312e+06 5.761876651419084072e+08 6.984027874524090290e+08 8.358467991962570231e+05 -6.478394559818113921e+05
1.203817513760858625e+08 8.014683790138965845e+07 8.449348831385002136e+08 1.195827964315189719e+08 -1.634519297610547304e+09 -1.059727829277597193e+05 -7.102091101846162975e+07 8.133494051756435633e+07 1.029212427692765486e+05 -3.934642154809307307e+07 5.556580887684631307e+04 -1.357398217823239416e+07 5.127408145838911296e+05 8.014627651048779488e+07 9.989142189191035926e+07 1.158734512039883120e+05 -8.980999109275876253e+04
-1.739651760455504179e+09 -1.131374779221346140e+09 -1.172755129890272141e+10 -1.634519297610547543e+09 2.306819613135280991e+10 1.495163795163283823e+06 1.003153814003205061e+09 -1.151568458749647379e+09 -1.350126990444983821e+06 5.553497337585203648e+08 -8.319901694570928812e+05 1.908154877091029584e+08 -6.845161143356620334e+06 -1.131367405647273302e+09 -1.340876700803638935e+09 -1.645947707661269931e+06 1.275724054373529973e+06
-1.126648481855814898e+05 -7.352396167190208507e+04 -7.616555876389821060e+05 -1.059727829277596902e+05 1.495163795163283823e+06 9.716821901768662428e+01 6.511568198008113541e+04 -7.479635702917503659e+04 -8.730700270060967227e+01 3.609102594932712236e+04 -5.429117404759362842e+01 1.238248381151489593e+04 -4.435175037982373851e+02 -7.352348468688367575e+04 -8.687011408305371879e+04 -1.069595349459060429e+02 8.290108545974511856e+01
-7.568012786088255048e+07 -4.927355296128149331e+07 -5.103114938926567435e+08 -7.102091101846162975e+07 1.003153814003205061e+09 6.511568198008112813e+04 4.366606694784160703e+07 -5.016032176148630679e+07 -5.848105092998174950e+04 2.418665316264912114e+07 -3.635219481257637381e+04 8.303159580497049727e+06 -2.969167419982312713e+05 -4.927323352758690715e+07 -5.817836670219916105e+07 -7.171421817914454732e+04 5.558351139947271440e+04
8.698865018775200844e+07 5.663202247167371213e+07 5.855804853216654062e+08 8.133494051756435633e+07 -1.151568458749647379e+09 -7.479635702917503659e+04 -5.016032176148630679e+07 5.833275695521979034e+07 6.741701055764341436e+04 -2.775742502238826826e+07 4.301673998578971805e+04 -9.532897687154773623e+06 3.379141509876534692e+05 5.663165558024781197e+07 6.651109123566263914e+07 8.303399039043972152e+04 -6.435712287738375016e+04
9.686086563654367637e+04 6.601416397042639437e+04 7.098160288404447492e+05 1.029212427692765486e+05 -1.350126990444983821e+06 -8.730700270060967227e+01 -5.848105092998174950e+04 6.741701055764341436e+04 9.766346593863956116e+01 -3.234808421865021592e+04 4.400474760184332013e+01 -1.124886034745099460e+04 4.639723389880646778e+02 6.601363504263307550e+04 8.909093832379803644e+04 9.511778672931299639e+01 -7.372290624091203881e+01
-4.185252504348471761e+07 -2.730829894789966568e+07 -2.828671028615402579e+08 -3.934642154809307307e+07 5.553497337585203648e+08 3.609102594932712236e+04 2.418665316264912114e+07 -2.775742502238826826e+07 -3.234808421865021592e+04 1.340677979097986594e+07 -2.012000499437258986e+04 4.599082916510626674e+06 -1.645786806018676434e+05 -2.730812216230297089e+07 -3.223447556109302118e+07 -3.971101625391966081e+04 3.077880203784045807e+04
6.555522311846163939e+04 4.115835200957971392e+04 4.115592564709606813e+05 5.556580887684630579e+04 -8.319901694570928812e+05 -5.429117404759363552e+01 -3.635219481257637381e+04 4.301673998578971805e+04 4.400474760184332013e+01 -2.012000499437258986e+04 3.656104359245730961e+01 -6.853215513471979648e+03 2.235481368304327248e+02 4.115811306164792040e+04 4.446866102915118245e+04 6.127851999963580454e+01 -4.749511884008944662e+01
-1.434820169831631146e+07 -9.369167572224959731e+06 -9.728331411180649698e+07 -1.357398217823239416e+07 1.908154877091029584e+08 1.238248381151489593e+04 8.303159580497049727e+06 -9.532897687154773623e+06 -1.124886034745099460e+04 4.599082916510626674e+06 -6.853215513471979648e+03 1.580083749589696527e+06 -5.695675104997512244e+04 -9.369106139324227348e+06 -1.115246469406771101e+07 -1.362250019009177595e+04 1.055838596348925421e+04
4.968914321873665322e+05 3.351953841918687103e+05 3.572719381382859312e+06 5.127408145838911296e+05 -6.845161143356620334e+06 -4.435175037982373851e+02 -2.969167419982312713e+05 3.379141509876534692e+05 4.639723389880646778e+02 -1.645786806018676434e+05 2.235481368304327248e+02 -5.695675104997512244e+04 2.276368547402275453e+03 3.351928557526498917e+05 4.377208666744285147e+05 4.805300179926568944e+02 -3.724442155412239117e+02
8.528239285454048216e+07 5.563533209535084665e+07 5.761876651419084072e+08 8.014627651048779488e+07 -1.131367405647273302e+09 -7.352348468688367575e+04 -4.927323352758690715e+07 5.663165558024781197e+07 6.601363504263307550e+04 -2.730812216230297089e+07 4.115811306164792040e+04 -9.369106139324227348e+06 3.351928557526498917e+05 5.563497150658425689e+07 6.567600915887149423e+07 8.097159293794864789e+04 -6.275862128005171689e+04
9.763674115001402795e+07 6.567649447746318579e+07 6.984027874524090290e+08 9.989142189191035926e+07 -1.340876700803638935e+09 -8.687011408305371879e+04 -5.817836670219916850e+07 6.651109123566263914e+07 8.909093832379803644e+04 -3.223447556109302118e+07 4.446866102915118245e+04 -1.115246469406771101e+07 4.377208666744285147e+05 6.567600915887149423e+07 8.475619364235551655e+07 9.453264793187040777e+04 -7.326938293906585022e+04
1.245965236177521438e+05 8.097211141126840084e+04 8.358467991962571396e+05 1.158734512039882975e+05 -1.645947707661269931e+06 -1.069595349459060429e+02 -7.171421817914454732e+04 8.303399039043972152e+04 9.511778672931299639e+01 -3.971101625391966081e+04 6.127851999963580454e+01 -1.362250019009177595e+04 4.805300179926568944e+02 8.097159293794864789e+04 9.453264793187040777e+04 1.184880979166304087e+02 -9.183652431096513169e+01
-9.657097946103008871e+04 -6.275902313296749344e+04 -6.478394559818113921e+05 -8.980999109275876253e+04 1.275724054373529973e+06 8.290108545974511856e+01 5.558351139947271440e+04 -6.435712287738375016e+04 -7.372290624091203881e+01 3.077880203784045807e+04 -4.749511884008944662e+01 1.055838596348925421e+04 -3.724442155412239117e+02 -6.275862128005171689e+04 -7.326938293906585022e+04 -9.183652431096513169e+01 7.117969944502536350e+01
