nan nan nan nan nan nan nan nan nan nan nan nan nan nan nan nan nan
nan 5.262465192995721102e+07 5.349996530847398043e+08 7.518688368810065091e+07 -1.077620927429055214e+09 -6.989108872296802292e+04 -4.659353696874161065e+07 4.962873134515137970e+07 1.442609991385158210e+05 -2.623993096769233048e+07 1.742033105302949843e+04 -8.853463715308042243e+06 1.536614504749131447e+05 5.262434493578171730e+07 6.096439668929966539e+07 -1.025005368460921600e+05 -5.901821825623429322e+04
nan 5.349996530847398043e+08 5.472605253076671600e+09 7.737524422083704472e+08 -1.096456350022772217e+10 -7.107798319843071513e+05 -4.736741764049965143e+08 5.037921997808787823e+08 1.504303240321641555e+06 -2.668361560382405519e+08 1.726418128968148667e+05 -9.016468994203504920e+07 1.594640116541723954e+06 5.349964537721398473e+08 6.311181905166047812e+08 -1.047079975777431624e+06 -5.981945868133555632e+05
nan 7.518688368810065091e+07 7.737524422083704472e+08 1.103557691708474904e+08 -1.544055674512990236e+09 -9.993088272305618739e+04 -6.659363179596780241e+07 7.076307208120435476e+07 2.198619738864318642e+05 -3.750382348586630076e+07 2.367044179747980525e+04 -1.270361052881829813e+07 2.307390794531698048e+05 7.518641709673194587e+07 9.087521315697614849e+07 -1.484839532496271131e+05 -8.378683578515078989e+04
nan -1.077620927429055214e+09 -1.096456350022772217e+10 -1.544055674512990236e+09 2.211136652956333923e+10 1.431259401156919776e+06 9.548932957459117174e+08 -1.016455752413006544e+09 -2.975716436043540481e+06 5.373388130639131069e+08 -3.549634074413679191e+05 1.815123078373330534e+08 -3.162643777534039691e+06 -1.077614598681003809e+09 -1.253835353312406063e+09 2.102595516753835138e+06 1.207990638095812872e+06
nan -6.989108872296802292e+04 -7.107798319843070349e+05 -9.993088272305618739e+04 1.431259401156919776e+06 9.282768059325866261e+01 6.188075423222022800e+04 -6.587556344913391513e+04 -1.918664897714468509e+02 3.485154026166770927e+04 -2.308902768125667038e+01 1.175954886682044344e+04 -2.044253367665741905e+02 -6.989068032900098478e+04 -8.107088257799056009e+04 1.361364222905876886e+02 7.834800126642356588e+01
nan -4.659353696874161065e+07 -4.736741764049965143e+08 -6.659363179596780241e+07 9.548932957459117174e+08 6.188075423222022800e+04 4.127151718105600774e+07 -4.394422217616879940e+07 -1.277519788924230234e+05 2.323330889139944687e+07 -1.539980665527453311e+04 7.842355706167639233e+06 -1.360654747595262306e+05 -4.659326511833955348e+07 -5.398499819703007489e+07 9.075867186574134394e+04 5.225491636062152247e+04
nan 4.962873134515137970e+07 5.037921997808787823e+08 7.076307208120435476e+07 -1.016455752413006544e+09 -6.587556344913391513e+04 -4.394422217616879940e+07 4.734128334719076753e+07 1.372186576968524605e+05 -2.471449219863260537e+07 1.681017549355357551e+04 -8.347098948655162938e+06 1.440914349558920658e+05 4.962844118911419809e+07 5.729764796703549474e+07 -9.738762996632697468e+04 -5.598480737500137911e+04
nan 1.442609991385158210e+05 1.504303240321641555e+06 2.198619738864318642e+05 -2.975716436043540481e+06 -1.918664897714468509e+02 -1.277519788924230234e+05 1.372186576968524605e+05 4.829166433765914235e+02 -7.186498055079653568e+04 4.404142078682962591e+01 -2.450133500224867385e+04 4.832008220631603876e+02 1.442599884231326578e+05 1.867233718466726423e+05 -2.968214166043607065e+02 -1.601709220430739435e+02
nan -2.623993096769233048e+07 -2.668361560382405818e+08 -3.750382348586630076e+07 5.373388130639131069e+08 3.485154026166770927e+04 2.323330889139944687e+07 -2.471449219863260537e+07 -7.186498055079653568e+04 1.308590065536091849e+07 -8.657340715583868587e+03 4.414895855101302266e+06 -7.666861256606005190e+04 -2.623977792805049196e+07 -3.041100962434390932e+07 5.106706962988608575e+04 2.940866530094667542e+04
nan 1.742033105302950207e+04 1.726418128968148667e+05 2.367044179747980161e+04 -3.549634074413679191e+05 -2.308902768125667038e+01 -1.539980665527453311e+04 1.681017549355357551e+04 4.404142078682962591e+01 -8.657340715583868587e+03 6.593206877543630107e+00 -2.906089877097389490e+03 4.672095354692229563e+01 1.742023807091872368e+04 1.877726892732690249e+04 -3.373439414776256484e+01 -1.991798667481524632e+01
nan -8.853463715308042243e+06 -9.016468994203504920e+07 -1.270361052881829813e+07 1.815123078373330534e+08 1.175954886682044344e+04 7.842355706167639233e+06 -8.347098948655163869e+06 -2.450133500224867385e+04 4.414895855101302266e+06 -2.906089877097389490e+03 1.491071188666660571e+06 -2.604152435052707733e+04 -8.853411596026083454e+06 -1.032238167035775259e+07 1.727812544269572754e+04 9.919838788545177522e+03
nan 1.536614504749131447e+05 1.594640116541723954e+06 2.307390794531698048e+05 -3.162643777534039691e+06 -2.044253367665741905e+02 -1.360654747595262597e+05 1.440914349558920658e+05 4.832008220631603876e+02 -7.666861256606005190e+04 4.672095354692229563e+01 -2.604152435052707733e+04 4.991862319871943328e+02 1.536604279623825569e+05 1.937863718997099204e+05 -3.086196575432351779e+02 -1.699456287430759858e+02
nan 5.262434493578171730e+07 5.349964537721398473e+08 7.518641709673194587e+07 -1.077614598681003809e+09 -6.989068032900098478e+04 -4.659326511833955348e+07 4.962844118911420554e+07 1.442599884231326578e+05 -2.623977792805049568e+07 1.742023807091872368e+04 -8.853411596026083454e+06 1.536604279623825569e+05 5.262403794373029470e+07 6.096400131091312319e+07 -1.024999101002036768e+05 -5.901787829483078531e+04
nan 6.096439668929966539e+07 6.311181905166047812e+08 9.087521315697614849e+07 -1.253835353312406063e+09 -8.107088257799056009e+04 -5.398499819703007489e+07 5.729764796703549474e+07 1.867233718466726423e+05 -3.041100962434390932e+07 1.877726892732689885e+04 -1.032238167035775259e+07 1.937863718997099204e+05 6.096400131091312319e+07 7.577968433752177656e+07 -1.217153733372686111e+05 -6.764228924821305554e+04
nan -1.025005368460921600e+05 -1.047079975777431624e+06 -1.484839532496271131e+05 2.102595516753835138e+06 1.361364222905876886e+02 9.075867186574134394e+04 -9.738762996632696013e+04 -2.968214166043607065e+02 5.106706962988608575e+04 -3.373439414776256484e+01 1.727812544269572754e+04 -3.086196575432351779e+02 -1.024999101002036768e+05 -1.217153733372686111e+05 2.030834396773830122e+02 1.150360853871001154e+02
nan -5.901821825623427867e+04 -5.981945868133554468e+05 -8.378683578515078989e+04 1.207990638095812872e+06 7.834800126642356588e+01 5.225491636062152247e+04 -5.598480737500137911e+04 -1.601709220430739435e+02 2.940866530094667542e+04 -1.991798667481524987e+01 9.919838788545177522e+03 -1.699456287430759858e+02 -5.901787829483078531e+04 -6.764228924821305554e+04 1.150360853871001154e+02 6.646856852108173541e+01
