1.359056970458438396e+08 8.881738267624723911e+07 9.314767151904463768e+08 1.334257885203565955e+08 -1.821098803453822136e+09 -1.086329007326748833e+05 -7.883293402538853884e+07 9.095902004961456358e+07 1.036264921041313937e+05 -4.282560721607550979e+07 9.291736145865096478e+04 -1.506546995189538971e+07 8.353074376987918513e+05 8.881667484941752255e+07 1.143030019968454391e+08 1.115358260285039141e+05 -1.055346677007632534e+05
8.881738267624723911e+07 5.944879293519922346e+07 6.314236009393408298e+08 9.121132241830495000e+07 -1.215474548028165817e+09 -7.274277976248782943e+04 -5.266382861482470483e+07 6.071007114405489713e+07 7.274057861819950631e+04 -2.867085531858693808e+07 5.969038650180828699e+04 -1.009608350677013211e+07 5.800533740357513307e+05 5.944829689273993671e+07 7.901343957434375584e+07 7.433366162190733303e+04 -7.033415681383101037e+04
9.314767151904462576e+08 6.314236009393408298e+08 6.769828137622211456e+09 9.858236064669719934e+08 -1.292128774428424454e+10 -7.728698468711919850e+05 -5.593439117528949976e+08 6.433849374697072506e+08 8.028173691120926524e+05 -3.045798513194091320e+08 6.116778335203842726e+05 -1.075100752562170029e+08 6.347294287863653153e+06 6.314181337528083324e+08 8.615683293862848282e+08 7.867287939120696392e+05 -7.443990401336539071e+05
1.334257885203565955e+08 9.121132241830495000e+07 9.858236064669719934e+08 1.448529758176195621e+08 -1.869961543584315300e+09 -1.116816431728231400e+05 -8.083349527122038603e+07 9.272061660787981749e+07 1.210280555827276257e+05 -4.400037030050355941e+07 8.566967362938294536e+04 -1.557699924886130914e+07 9.473944304672336439e+05 9.121049960269293189e+07 1.279570536374224871e+08 1.132151026618226024e+05 -1.071235912582008023e+05
-1.821098803453822136e+09 -1.215474548028165817e+09 -1.292128774428424454e+10 -1.869961543584315300e+09 2.491197724305501556e+10 1.487312575408796081e+06 1.077888349863579273e+09 -1.241042414783870697e+09 -1.495492137953350553e+06 5.862247627694714069e+08 -1.213136815449664369e+06 2.067130509628356695e+08 -1.190934800207810663e+07 -1.215464352781125307e+09 -1.621633874365864277e+09 -1.519158041299971519e+06 1.437420107800723752e+06
-1.086329007326748833e+05 -7.274277976248782943e+04 -7.728698468711921014e+05 -1.116816431728231400e+05 1.487312575408796081e+06 8.901552055863088242e+01 6.443983106328664144e+04 -7.423191704408406804e+04 -8.911396044162093233e+01 3.508504777456416923e+04 -7.287739966757773402e+01 1.235485684846389449e+04 -7.109564987850704938e+02 -7.274217185527614492e+04 -9.679243965022783959e+04 -9.090432278017554779e+01 8.601323752887286389e+01
-7.883293402538853884e+07 -5.266382861482470483e+07 -5.593439117528949976e+08 -8.083349527122038603e+07 1.077888349863579273e+09 6.443983106328664144e+04 4.667995037985672802e+07 -5.378580688458933681e+07 -6.443954471823621861e+04 2.539966730379251391e+07 -5.274895849760074634e+04 8.949025395318463445e+06 -5.138439436671712319e+05 -5.266338919803983718e+07 -6.999939686123208702e+07 -6.585265642409874999e+04 6.230947006349090225e+04
9.095902004961456358e+07 6.071007114405489713e+07 6.433849374697072506e+08 9.272061660787981749e+07 -1.241042414783870697e+09 -7.423191704408406804e+04 -5.378580688458933681e+07 6.272578537646086514e+07 7.414489997458049038e+04 -2.923881520450285450e+07 6.265764303678249416e+04 -1.030366634291277640e+07 5.845788687670201762e+05 6.070956857603459805e+07 8.004848391389533877e+07 7.652180194590934843e+04 -7.240456477330744383e+04
1.036264921041313937e+05 7.274057861819950631e+04 8.028173691120926524e+05 1.210280555827276257e+05 -1.495492137953350553e+06 -8.911396044162093233e+01 -6.443954471823621861e+04 7.414489997458049038e+04 1.127012873247504530e+02 -3.503461672980293952e+04 6.497522674353430716e+01 -1.250286450645646255e+04 8.401628077728641983e+02 7.273982192225885228e+04 1.110263750641412917e+05 8.981007339973375281e+01 -8.497786397349904064e+01
-4.282560721607550979e+07 -2.867085531858693808e+07 -3.045798513194091320e+08 -4.400037030050355941e+07 5.862247627694714069e+08 3.508504777456416923e+04 2.539966730379251391e+07 -2.923881520450285450e+07 -3.503461672980293952e+04 1.382996856164715253e+07 -2.867457132903623642e+04 4.869479388746584766e+06 -2.798883383890299010e+05 -2.867061620791423693e+07 -3.811154201547307521e+07 -3.581778749920197151e+04 3.389062004650251765e+04
9.291736145865096478e+04 5.969038650180828699e+04 6.116778335203842726e+05 8.566967362938294536e+04 -1.213136815449664369e+06 -7.287739966757773402e+01 -5.274895849760074634e+04 6.265764303678249416e+04 6.497522674353430716e+01 -2.867457132903623642e+04 7.222409686014563590e+01 -1.002024164832775568e+04 5.199196704367320763e+02 5.968994691774068633e+04 7.220803327808316681e+04 7.647692124834300387e+01 -7.236209887089297865e+01
-1.506546995189538971e+07 -1.009608350677013211e+07 -1.075100752562170029e+08 -1.557699924886131100e+07 2.067130509628356695e+08 1.235485684846389449e+04 8.949025395318463445e+06 -1.030366634291277640e+07 -1.250286450645646255e+04 4.869479388746584766e+06 -1.002024164832775568e+04 1.716996460151637439e+06 -9.942994113217809354e+04 -1.009599828412510455e+07 -1.353013798314525560e+07 -1.261043538219423135e+04 1.193193393557428681e+04
8.353074376987918513e+05 5.800533740357513307e+05 6.347294287863652222e+06 9.473944304672335275e+05 -1.190934800207810663e+07 -7.109564987850704938e+02 -5.138439436671712319e+05 5.845788687670201762e+05 8.401628077728641983e+02 -2.798883383890299010e+05 5.199196704367320763e+02 -9.942994113217809354e+04 6.461873181704389935e+03 5.800476731752636842e+05 8.573403281386643648e+05 7.126813473877867864e+02 -6.743356986828706567e+02
8.881667484941752255e+07 5.944829689273993671e+07 6.314181337528083324e+08 9.121049960269293189e+07 -1.215464352781125069e+09 -7.274217185527614492e+04 -5.266338919803983718e+07 6.070956857603459805e+07 7.273982192225885228e+04 -2.867061620791423693e+07 5.968994691774068633e+04 -1.009599828412510455e+07 5.800476731752636842e+05 5.944780085538206995e+07 7.901268651802864671e+07 7.433305139313179825e+04 -7.033357941826814204e+04
1.143030019968454391e+08 7.901343957434377074e+07 8.615683293862848282e+08 1.279570536374225020e+08 -1.621633874365864277e+09 -9.679243965022783959e+04 -6.999939686123208702e+07 8.004848391389533877e+07 1.110263750641412917e+05 -3.811154201547307521e+07 7.220803327808316681e+04 -1.353013798314525560e+07 8.573403281386642484e+05 7.901268651802866161e+07 1.148199672502642572e+08 9.756936972273790161e+04 -9.231967322168381361e+04
1.115358260285039141e+05 7.433366162190733303e+04 7.867287939120695228e+05 1.132151026618226024e+05 -1.519158041299971286e+06 -9.090432278017554779e+01 -6.585265642409874999e+04 7.652180194590934843e+04 8.981007339973375281e+01 -3.581778749920197151e+04 7.647692124834300387e+01 -1.261043538219423135e+04 7.126813473877867864e+02 7.433305139313179825e+04 9.756936972273790161e+04 9.352143104770281923e+01 -8.848953291471443094e+01
-1.055346677007632534e+05 -7.033415681383101037e+04 -7.443990401336537907e+05 -1.071235912582007732e+05 1.437420107800723519e+06 8.601323752887286389e+01 6.230947006349090225e+04 -7.240456477330744383e+04 -8.497786397349904064e+01 3.389062004650251765e+04 -7.236209887089297865e+01 1.193193393557428681e+04 -6.743356986828707704e+02 -7.033357941826815659e+04 -9.231967322168382816e+04 -8.848953291471443094e+01 8.372837485207266184e+01
