1.080399496842280149e+09 2.510581529332216978e+08 2.582826442495040894e+09 3.821335337692407370e+08 -5.206703471695958138e+09 -3.092148226868868805e+05 -2.224308452308172286e+08 2.348060275460007191e+08 8.318596509974939981e+05 -1.235350647372137308e+08 1.028076487311134842e+05 -4.260890982241607457e+07 1.090749347666953690e+06 2.510562067486475408e+08 3.286352529960132241e+08 -4.599734668405401171e+05 -2.936498794508805149e+05
2.510581529332216978e+08 5.856876908820424229e+07 6.041759261564514637e+08 8.945220499484077096e+07 -1.213576187558602095e+09 -7.216137042915100756e+04 -5.186670401643082500e+07 5.450954062066065520e+07 1.938104178337617777e+05 -2.883387494702919200e+07 2.361479312049210057e+04 -9.941192633783956990e+06 2.557738769801793678e+05 5.856831361275795102e+07 7.702274978058370948e+07 -1.069220452377880138e+05 -6.828616642265228438e+04
2.582826442495040894e+09 6.041759261564514637e+08 6.263236962817354202e+09 9.320196448845719099e+08 -1.252875763377372551e+10 -7.446803780295550823e+05 -5.350150254814986587e+08 5.610122525070369244e+08 2.039044930799718481e+06 -2.975523166952891350e+08 2.379051357880452997e+05 -1.026999768219315857e+08 2.684282048816770781e+06 6.041711341859129667e+08 8.063725918184273243e+08 -1.108239380146319512e+06 -7.022297826199207921e+05
3.821335337692407370e+08 8.945220499484077096e+07 9.320196448845719099e+08 1.399995522762318254e+08 -1.859216811359462976e+09 -1.103153128554899158e+05 -7.923314409497995675e+07 8.295116356172527373e+07 3.147120994432259467e+05 -4.406882854869055748e+07 3.434069527845019911e+04 -1.524196611713307351e+07 4.099924725770933437e+05 8.945146792427380383e+07 1.223262452313430756e+08 -1.662915327906076564e+05 -1.035712201773812412e+05
-5.206703471695959091e+09 -1.213576187558602095e+09 -1.252875763377372360e+10 -1.859216811359462976e+09 2.519114155162952423e+10 1.495336209933312843e+06 1.075411615209538221e+09 -1.129591268648003340e+09 -4.051968077627311926e+06 5.974864797874319553e+08 -4.867154869497178006e+05 2.062079716619225144e+08 -5.332710032857825980e+06 -1.213566675708670139e+09 -1.603799682541211367e+09 2.222196472357670311e+06 1.414132600194984581e+06
-3.092148226868869388e+05 -7.216137042915102211e+04 -7.446803780295550823e+05 -1.103153128554899158e+05 1.495336209933312843e+06 8.891574131555009330e+01 6.390334768809357774e+04 -6.711456124383509450e+04 -2.393007960856328680e+02 3.552835896537498775e+04 -2.902387496283931156e+01 1.224989987373668737e+04 -3.158677652135050380e+02 -7.216080783947942837e+04 -9.505472717978873698e+04 1.317782430708631409e+02 8.408579479682238400e+01
-2.224308452308171988e+08 -5.186670401643082500e+07 -5.350150254814986587e+08 -7.923314409497995675e+07 1.075411615209538221e+09 6.390334768809357774e+04 4.594797341599281132e+07 -4.827511643675222993e+07 -1.716289017371638329e+05 2.553492242141869664e+07 -2.088623581098984505e+04 8.806805684502661228e+06 -2.264942735346381669e+05 -5.186630068847830594e+07 -6.820955760287261009e+07 9.468783406655221188e+04 6.047379581293745287e+04
2.348060275460007191e+08 5.450954062066065520e+07 5.610122525070369244e+08 8.295116356172527373e+07 -1.129591268648003101e+09 -6.711456124383509450e+04 -4.827511643675222993e+07 5.126514627214831114e+07 1.807905312855262600e+05 -2.680662119286662340e+07 2.249090108011400662e+04 -9.247535111787728965e+06 2.358268428441576252e+05 5.450911934080553800e+07 7.122896062343685329e+07 -1.001463483832186757e+05 -6.394392862395210250e+04
8.318596509974939981e+05 1.938104178337617777e+05 2.039044930799718481e+06 3.147120994432259467e+05 -4.051968077627311926e+06 -2.393007960856328680e+02 -1.716289017371638329e+05 1.807905312855262600e+05 7.813914310220894777e+02 -9.547700280744765769e+04 7.155437326324609160e+01 -3.319102249321965064e+04 9.736074327497151444e+02 1.938086215963563009e+05 2.834364406188644934e+05 -3.802823410548872403e+02 -2.230822383304297034e+02
-1.235350647372137308e+08 -2.883387494702919200e+07 -2.975523166952891350e+08 -4.406882854869055748e+07 5.974864797874319553e+08 3.552835896537498775e+04 2.553492242141869664e+07 -2.680662119286662340e+07 -9.547700280744765769e+04 1.419691579464309663e+07 -1.158735921995685567e+04 4.894708333248984069e+06 -1.261129227763192903e+05 -2.883365040086082742e+07 -3.796020162839690596e+07 5.262100771288793476e+04 3.359510288275571656e+04
1.028076487311134842e+05 2.361479312049209693e+04 2.379051357880452997e+05 3.434069527845019911e+04 -4.867154869497178006e+05 -2.902387496283931156e+01 -2.088623581098984505e+04 2.249090108011400662e+04 7.155437326324609160e+01 -1.158735921995685385e+04 1.086969712767273499e+01 -3.975510890302554799e+03 9.429890120219204164e+01 2.361462666272726347e+04 2.887458770117914537e+04 -4.250489510466511689e+01 -2.810087471827862871e+01
-4.260890982241607457e+07 -9.941192633783956990e+06 -1.026999768219315857e+08 -1.524196611713307165e+07 2.062079716619225144e+08 1.224989987373668737e+04 8.806805684502661228e+06 -9.247535111787728965e+06 -3.319102249321965064e+04 4.894708333248984069e+06 -3.975510890302554799e+03 1.688935592296611518e+06 -4.372069126140050503e+04 -9.941114671053115278e+06 -1.315044776566442102e+07 1.819477842273823990e+04 1.157890631902070527e+04
1.090749347666953923e+06 2.557738769801793678e+05 2.684282048816770781e+06 4.099924725770933437e+05 -5.332710032857825048e+06 -3.158677652135050380e+02 -2.264942735346381669e+05 2.358268428441576252e+05 9.736074327497151444e+02 -1.261129227763192903e+05 9.429890120219204164e+01 -4.372069126140050503e+04 1.248226396076145647e+03 2.557716050416613871e+05 3.656544745255984017e+05 -4.877451844255601259e+02 -2.934356275527907769e+02
2.510562067486475408e+08 5.856831361275795102e+07 6.041711341859129667e+08 8.945146792427380383e+07 -1.213566675708670139e+09 -7.216080783947942837e+04 -5.186630068847830594e+07 5.450911934080553800e+07 1.938086215963563009e+05 -2.883365040086082742e+07 2.361462666272726347e+04 -9.941114671053115278e+06 2.557716050416613871e+05 5.856785814147673547e+07 7.702208767053224146e+07 -1.069211633059190499e+05 -6.828564416179466934e+04
3.286352529960132241e+08 7.702274978058370948e+07 8.063725918184273243e+08 1.223262452313430756e+08 -1.603799682541211367e+09 -9.505472717978872242e+04 -6.820955760287261009e+07 7.122896062343685329e+07 2.834364406188644934e+05 -3.796020162839690596e+07 2.887458770117914537e+04 -1.315044776566442102e+07 3.656544745255984017e+05 7.702208767053222656e+07 1.081564985833148211e+08 -1.452560602009956783e+05 -8.873458708368509542e+04
-4.599734668405401171e+05 -1.069220452377880138e+05 -1.108239380146319512e+06 -1.662915327906076855e+05 2.222196472357670311e+06 1.317782430708631409e+02 9.468783406655221188e+04 -1.001463483832186612e+05 -3.802823410548872403e+02 5.262100771288793476e+04 -4.250489510466511689e+01 1.819477842273823990e+04 -4.877451844255601259e+02 -1.069211633059190499e+05 -1.452560602009956783e+05 2.008846479758273631e+02 1.245772005031932679e+02
-2.936498794508805149e+05 -6.828616642265228438e+04 -7.022297826199207921e+05 -1.035712201773812412e+05 1.414132600194984581e+06 8.408579479682238400e+01 6.047379581293745287e+04 -6.394392862395210250e+04 -2.230822383304297034e+02 3.359510288275571656e+04 -2.810087471827862871e+01 1.157890631902070527e+04 -2.934356275527907769e+02 -6.828564416179466934e+04 -8.873458708368509542e+04 1.245772005031932537e+02 7.999342118142460833e+01
