1.040665858892024904e+08 6.836281553248693049e+07 7.226859086361736059e+08 1.052340025255337209e+08 -1.406334744203833103e+09 -7.583567383409819740e+04 -6.071141042806550860e+07 7.102063348225730658e+07 7.515607828401120787e+04 -3.239796365135922283e+07 9.948192235258439905e+04 -1.163499186422915757e+07 9.266104975323168328e+05 6.836219956248657405e+07 9.239294818431875110e+07 7.566936466931685572e+04 -8.620694665721849015e+04
6.836281553248693049e+07 4.622087587770914286e+07 4.960414985230911374e+08 7.295074396685659885e+07 -9.476631956532639265e+08 -5.131268246111409098e+04 -4.095355371905347705e+07 4.782044051718853414e+07 5.372850664768030401e+04 -2.191262816562047228e+07 6.405008375221186725e+04 -7.878190213249496184e+06 6.548269454775967170e+05 4.622043639341969788e+07 6.488789783186666667e+07 5.088966687719812035e+04 -5.797647194552351721e+04
7.226859086361736059e+08 4.960414985230911374e+08 5.382020002858413696e+09 7.988232427731201649e+08 -1.018066239060185623e+10 -5.510097944011613727e+05 -4.394969041779139638e+08 5.115220423658914566e+08 6.022995692344810814e+05 -2.352421979431603253e+08 6.589867224555503344e+05 -8.480358705272050202e+07 7.276620927488378249e+06 4.960365795286374092e+08 7.176813665891519785e+08 5.437933177052155370e+05 -6.195210140435369685e+05
1.052340025255337209e+08 7.295074396685659885e+07 7.988232427731201649e+08 1.197802833670234978e+08 -1.500348861790838480e+09 -8.108835288639555802e+04 -6.466506090659825504e+07 7.495658545416964591e+07 9.295649340439733351e+04 -3.460281493092667311e+07 9.346674926125601633e+04 -1.251477081926573068e+07 1.111696084907558979e+06 7.294998620572797954e+07 1.089248102118195444e+08 7.959799273528979393e+04 -9.068266852430996369e+04
-1.406334744203833342e+09 -9.476631956532639265e+08 -1.018066239060185623e+10 -1.500348861790838480e+09 1.948514798771786118e+10 1.052113956588733708e+06 8.407046796998097897e+08 -9.801177964885478020e+08 -1.108312662723552203e+06 4.493076574081170559e+08 -1.303941487867589807e+06 1.617909419495563507e+08 -1.349029076157219335e+07 -9.476541328098659515e+08 -1.336088619959662199e+09 -1.042825298029971425e+06 1.188047305972964503e+06
-7.583567383409819740e+04 -5.131268246111409098e+04 -5.510097944011613727e+05 -8.108835288639555802e+04 1.052113956588733708e+06 5.697417352926424172e+01 4.546433064683467819e+04 -5.303008051971771783e+04 -5.982165357641930825e+01 2.432938218333584882e+04 -7.086108077074197809e+01 8.747524353302016607e+03 -7.293576758461842928e+02 -5.131219287008172250e+04 -7.219580307071247080e+04 -5.644462553507219127e+01 6.430500432841246550e+01
-6.071141042806550860e+07 -4.095355371905348450e+07 -4.394969041779139638e+08 -6.466506090659825504e+07 8.407046796998097897e+08 4.546433064683467819e+04 3.631093365848937631e+07 -4.237431983230873942e+07 -4.759974863011136040e+04 1.941646476329471171e+07 -5.658741585172121995e+04 6.985137761713985354e+06 -5.801438215300136944e+05 -4.095316438195361942e+07 -5.749309765300552547e+07 -4.509244503990003432e+04 5.137193924101322773e+04
7.102063348225730658e+07 4.782044051718853414e+07 5.115220423658914566e+08 7.495658545416964591e+07 -9.801177964885478020e+08 -5.303008051971772511e+04 -4.237431983230873942e+07 5.003901520893626660e+07 5.510091837972876965e+04 -2.264111056109192595e+07 6.820427598819522245e+04 -8.142821853728635237e+06 6.653909887186182896e+05 4.781999289015755802e+07 6.633386656954073161e+07 5.308905545314480696e+04 -6.048214348741785216e+04
7.515607828401120787e+04 5.372850664768030401e+04 6.022995692344810814e+05 9.295649340439733351e+04 -1.108312662723552203e+06 -5.982165357641930825e+01 -4.759974863011136040e+04 5.510091837972876965e+04 8.151257038515471720e+01 -2.545526060228260394e+04 6.459561543517924065e+01 -9.283655976406662376e+03 9.274045280584127795e+02 5.372785181960490445e+04 8.821534713371339603e+04 5.813018349878557700e+01 -6.622529011514392039e+01
-3.239796365135922283e+07 -2.191262816562047601e+07 -2.352421979431603253e+08 -3.460281493092667311e+07 4.493076574081171155e+08 2.432938218333584882e+04 1.941646476329471171e+07 -2.264111056109192595e+07 -2.545526060228260394e+04 1.039036620626751520e+07 -3.023722789848425600e+04 3.735382778754807077e+06 -3.107359866728137713e+05 -2.191241975287194923e+07 -3.077917740354171023e+07 -2.410419427461356463e+04 2.746090176820830675e+04
9.948192235258439905e+04 6.405008375221186725e+04 6.589867224555503344e+05 9.346674926125601633e+04 -1.303941487867589807e+06 -7.086108077074197809e+01 -5.658741585172121995e+04 6.820427598819522245e+04 6.459561543517924065e+01 -3.023722789848425600e+04 1.090777900034894827e+02 -1.076858093902605469e+04 7.935808092591513514e+02 6.404956000970668538e+04 8.049726415721551166e+04 7.238238952012987681e+01 -8.246223315806489040e+01
-1.163499186422915757e+07 -7.878190213249496184e+06 -8.480358705272050202e+07 -1.251477081926573068e+07 1.617909419495563507e+08 8.747524353302016607e+03 6.985137761713985354e+06 -8.142821853728635237e+06 -9.283655976406662376e+03 3.735382778754807077e+06 -1.076858093902605469e+04 1.345003231238103937e+06 -1.128336660818277305e+05 -7.878114314088339917e+06 -1.116544613692286238e+07 -8.662548716724284532e+03 9.868879941065701132e+03
9.266104975323168328e+05 6.548269454775967170e+05 7.276620927488378249e+06 1.111696084907558979e+06 -1.349029076157219335e+07 -7.293576758461842928e+02 -5.801438215300136944e+05 6.653909887186182896e+05 9.274045280584127795e+02 -3.107359866728137713e+05 7.935808092591513514e+02 -1.128336660818277305e+05 1.086735135200343029e+04 6.548194046363652451e+05 1.040340687766546034e+06 7.056898482962036496e+02 -8.039629693531647945e+02
6.836219956248657405e+07 4.622043639341969788e+07 4.960365795286374092e+08 7.294998620572797954e+07 -9.476541328098659515e+08 -5.131219287008172250e+04 -4.095316438195361942e+07 4.781999289015755802e+07 5.372785181960490445e+04 -2.191241975287194923e+07 6.404956000970668538e+04 -7.878114314088339917e+06 6.548194046363652451e+05 4.621999691442151368e+07 6.488718058644320071e+07 5.088919345175844501e+04 -5.797593259169383236e+04
9.239294818431875110e+07 6.488789783186666667e+07 7.176813665891519785e+08 1.089248102118195444e+08 -1.336088619959662437e+09 -7.219580307071247080e+04 -5.749309765300552547e+07 6.633386656954073161e+07 8.821534713371339603e+04 -3.077917740354171023e+07 8.049726415721551166e+04 -1.116544613692286238e+07 1.040340687766546034e+06 6.488718058644320071e+07 1.008246223242998719e+08 7.034720056598402152e+04 -8.014362738710152917e+04
7.566936466931685572e+04 5.088966687719812035e+04 5.437933177052155370e+05 7.959799273528979393e+04 -1.042825298029971425e+06 -5.644462553507219127e+01 -4.509244503990003432e+04 5.308905545314480696e+04 5.813018349878557700e+01 -2.410419427461356099e+04 7.238238952012987681e+01 -8.662548716724284532e+03 7.056898482962036496e+02 5.088919345175844501e+04 7.034720056598402152e+04 5.640340983384383833e+01 -6.425804900147451804e+01
-8.620694665721847559e+04 -5.797647194552351721e+04 -6.195210140435369685e+05 -9.068266852430996369e+04 1.188047305972964503e+06 6.430500432841246550e+01 5.137193924101323501e+04 -6.048214348741785216e+04 -6.622529011514392039e+01 2.746090176820830675e+04 -8.246223315806489040e+01 9.868879941065699313e+03 -8.039629693531647945e+02 -5.797593259169382509e+04 -8.014362738710152917e+04 -6.425804900147451804e+01 7.320651133751690054e+01
