1.050231903508501768e+09 2.417406220198606253e+08 2.490524897244505882e+09 3.849962023842296004e+08 -5.075380925315400124e+09 -2.714252571619243827e+05 -2.141951948603812158e+08 2.249150009829237461e+08 9.031922838166464353e+05 -1.176411486767884195e+08 1.222238475651933841e+05 -4.127418880350895971e+07 1.475867697613241849e+06 2.417383532380179167e+08 3.445650279358398318e+08 -4.267874697815969703e+05 -2.960131339756105444e+05
2.417406220198606253e+08 5.588872674439644068e+07 5.774267214825677872e+08 8.920268831861805916e+07 -1.171942373724003553e+09 -6.277693088442082808e+04 -4.949939137788631767e+07 5.175139849481710792e+07 2.075766797729863902e+05 -2.720718905444095284e+07 2.787991926132319713e+04 -9.542067629234701395e+06 3.418428597314214567e+05 5.588820225486792624e+07 7.985713982542739809e+07 -9.804010510835112655e+04 -6.823419788676420285e+04
2.490524897244505882e+09 5.774267214825677872e+08 5.991854806748434067e+09 9.293388275131796598e+08 -1.211562776208561897e+10 -6.489344962494235951e+05 -5.113841627130023837e+08 5.330912145774212480e+08 2.173721811273644678e+06 -2.812194591339891553e+08 2.816867159339208738e+05 -9.870886574523265660e+07 3.580293722378047649e+06 5.774212214022909403e+08 8.350059402280522585e+08 -1.016114194078261382e+06 -7.027550014470231254e+05
3.849962023842296004e+08 8.920268831861807406e+07 9.293388275131796598e+08 1.457995581657769382e+08 -1.877388353277286291e+09 -1.003521949391322560e+05 -7.901628883423443139e+07 8.218062850348129869e+07 3.519181075124568306e+05 -4.347534078439957649e+07 4.234161890022212174e+04 -1.528700303190239333e+07 5.730175255604260601e+05 8.920180180548386276e+07 1.324408817837740928e+08 -1.600904553060524340e+05 -1.080764179692204925e+05
-5.075380925315400124e+09 -1.171942373724003553e+09 -1.211562776208561897e+10 -1.877388353277286291e+09 2.462251562982499313e+10 1.316622407523883972e+06 1.038584996717558622e+09 -1.085188641003370762e+09 -4.403730104249336757e+06 5.706041641520831585e+08 -5.810146324307163013e+05 2.003104334444105029e+08 -7.226574722268442623e+06 -1.171931265498655558e+09 -1.684702202727964401e+09 2.066499857644409407e+06 1.429755241084396141e+06
-2.714252571619243827e+05 -6.277693088442082808e+04 -6.489344962494235951e+05 -1.003521949391322560e+05 1.316622407523883972e+06 7.052812172885197128e+01 5.559935015721681702e+04 -5.807076005469552183e+04 -2.341243224356786357e+02 3.056454931869921711e+04 -3.119920787262676143e+01 1.072036082918752436e+04 -3.855560071609610304e+02 -6.277633901184255956e+04 -8.995011661383112369e+04 1.102483265046226677e+02 7.657390700636619840e+01
-2.141951948603812158e+08 -4.949939137788631767e+07 -5.113841627130023241e+08 -7.901628883423443139e+07 1.038584996717558622e+09 5.559935015721681702e+04 4.385511570109393448e+07 -4.583793415524122119e+07 -1.838171106320582330e+05 2.409720102336369455e+07 -2.466480845583001792e+04 8.453983306937512010e+06 -3.027163716207876569e+05 -4.949892694049731642e+07 -7.072271278854471445e+07 8.682802028316627548e+04 6.043587755658660899e+04
2.249150009829237461e+08 5.175139849481710792e+07 5.330912145774212480e+08 8.218062850348129869e+07 -1.085188641003370762e+09 -5.807076005469552183e+04 -4.583793415524122864e+07 4.837161925935199112e+07 1.914286008641870867e+05 -2.517041795556356013e+07 2.640735569357224449e+04 -8.829428744523646310e+06 3.124884535747137270e+05 5.175091884766861796e+07 7.328237285762465000e+07 -9.116201483215387270e+04 -6.356924379734304239e+04
9.031922838166464353e+05 2.075766797729863902e+05 2.173721811273644678e+06 3.519181075124568306e+05 -4.403730104249336757e+06 -2.341243224356786357e+02 -1.838171106320582330e+05 1.914286008641870867e+05 9.374305489458488410e+02 -1.013292721952079737e+05 9.406662644464927325e+01 -3.575055914608898456e+04 1.467150274173001208e+03 2.075743611192971875e+05 3.294906457479931996e+05 -3.980160477354571640e+02 -2.493878682285094044e+02
-1.176411486767884195e+08 -2.720718905444095284e+07 -2.812194591339891553e+08 -4.347534078439957649e+07 5.706041641520831585e+08 3.056454931869921711e+04 2.409720102336369455e+07 -2.517041795556356013e+07 -1.013292721952079737e+05 1.324638280256421119e+07 -1.352433285770121620e+04 4.646012564387103543e+06 -1.668789137889143021e+05 -2.720693291896478832e+07 -3.895162321281656623e+07 4.776066142155212583e+04 3.319350729368967586e+04
1.222238475651933841e+05 2.787991926132319713e+04 2.816867159339208738e+05 4.234161890022212174e+04 -5.810146324307163013e+05 -3.119920787262676143e+01 -2.466480845583001792e+04 2.640735569357224449e+04 9.406662644464927325e+01 -1.352433285770121620e+04 1.585737563111470294e+01 -4.720790205600340414e+03 1.551334897563403672e+02 2.787968397721883593e+04 3.695688686705644795e+04 -4.774512710851603714e+01 -3.475573787467153863e+01
-4.127418880350895971e+07 -9.542067629234701395e+06 -9.870886574523265660e+07 -1.528700303190239333e+07 2.003104334444105327e+08 1.072036082918752436e+04 8.453983306937512010e+06 -8.829428744523646310e+06 -3.575055914608898456e+04 4.646012564387103543e+06 -4.720790205600340414e+03 1.630591826886224328e+06 -5.877920344550456502e+04 -9.541977338484454900e+06 -1.371270650695431046e+07 1.679223419419371930e+04 1.163703891210292568e+04
1.475867697613241849e+06 3.418428597314214567e+05 3.580293722378047649e+06 5.730175255604260601e+05 -7.226574722268442623e+06 -3.855560071609610304e+02 -3.027163716207877151e+05 3.124884535747137270e+05 1.467150274173001208e+03 -1.668789137889143021e+05 1.551334897563403672e+02 -5.877920344550456502e+04 2.351807215179852847e+03 3.418391766784277861e+05 5.318948801613710821e+05 -6.353093182067566431e+02 -4.097513525007361181e+02
2.417383532380179167e+08 5.588820225486792624e+07 5.774212214022909403e+08 8.920180180548386276e+07 -1.171931265498655558e+09 -6.277633901184255228e+04 -4.949892694049731642e+07 5.175091884766861796e+07 2.075743611192971875e+05 -2.720693291896478832e+07 2.787968397721883593e+04 -9.541977338484454900e+06 3.418391766784277861e+05 5.588767777113398910e+07 7.985631163270005584e+07 -9.803911558966699522e+04 -6.823357030433017644e+04
3.445650279358398318e+08 7.985713982542739809e+07 8.350059402280522585e+08 1.324408817837740928e+08 -1.684702202727964401e+09 -8.995011661383112369e+04 -7.072271278854471445e+07 7.328237285762466490e+07 3.294906457479931996e+05 -3.895162321281656623e+07 3.695688686705644795e+04 -1.371270650695431046e+07 5.318948801613710821e+05 7.985631163270005584e+07 1.217291475035139620e+08 -1.459398079456861888e+05 -9.620721015972559690e+04
-4.267874697815969703e+05 -9.804010510835112655e+04 -1.016114194078261382e+06 -1.600904553060524340e+05 2.066499857644409407e+06 1.102483265046226677e+02 8.682802028316627548e+04 -9.116201483215387270e+04 -3.980160477354571640e+02 4.776066142155211128e+04 -4.774512710851603714e+01 1.679223419419371930e+04 -6.353093182067566431e+02 -9.803911558966699522e+04 -1.459398079456861597e+05 1.796852047492306497e+02 1.193637813856301193e+02
-2.960131339756105444e+05 -6.823419788676420285e+04 -7.027550014470231254e+05 -1.080764179692204925e+05 1.429755241084396141e+06 7.657390700636619840e+01 6.043587755658660899e+04 -6.356924379734304239e+04 -2.493878682285094044e+02 3.319350729368967586e+04 -3.475573787467153863e+01 1.163703891210292568e+04 -4.097513525007361181e+02 -6.823357030433017644e+04 -9.620721015972559690e+04 1.193637813856301193e+02 8.372322203923884842e+01
