9.876185068091334105e+08 2.223477030750335753e+08 2.267722675869640827e+09 3.681693689038066864e+08 -4.743028742689096451e+09 -2.174681986515456229e+05 -1.970141714746769369e+08 2.060798901691980064e+08 9.285483038501666160e+05 -1.073432009347413331e+08 1.330555544446352287e+05 -3.815676763753937185e+07 1.803797783198077930e+06 2.223452456903946996e+08 3.411158734822319150e+08 -3.932822879534826498e+05 -2.849399138855565106e+05
2.223477030750335753e+08 5.035877811863707006e+07 5.156294007443597317e+08 8.339149951425126195e+07 -1.071793887514978290e+09 -4.925858785799641191e+04 -4.460363432426996529e+07 4.647321609459769726e+07 2.073457580475560972e+05 -2.430854809648914635e+07 2.983174763758042536e+04 -8.639588164986141026e+06 4.068339497484132880e+05 5.035822536841520667e+07 7.715054693537743390e+07 -8.793276894139192882e+04 -6.438538197249056975e+04
2.267722675869640827e+09 5.156294007443597317e+08 5.304272081109282494e+09 8.591965314503804445e+08 -1.097324657100797653e+10 -5.045255332086399430e+05 -4.566748187003642917e+08 4.741990297601963282e+08 2.132058210535758175e+06 -2.489631802945997417e+08 2.991217733597874176e+05 -8.854777166724400222e+07 4.198543375676096417e+06 5.156236970564206839e+08 7.964085442978419065e+08 -8.986015245981023181e+05 -6.572797311240808340e+05
3.681693689038066864e+08 8.339149951425126195e+07 8.591965314503804445e+08 1.414243071115821898e+08 -1.783213981989493132e+09 -8.170255903066623432e+04 -7.386813621417859197e+07 7.646098789249104261e+07 3.649897641351154889e+05 -4.032760014505298436e+07 4.684507539303682279e+04 -1.436027117087887041e+07 7.085321863253123593e+05 8.339052882064695656e+07 1.328028800433877409e+08 -1.498725788263065042e+05 -1.057174845402713108e+05
-4.743028742689096451e+09 -1.071793887514978409e+09 -1.097324657100797844e+10 -1.783213981989493132e+09 2.286820547162321472e+10 1.048691191260196036e+06 9.498350812773025036e+08 -9.889022358133487701e+08 -4.484860203837671317e+06 5.175873819487813115e+08 -6.298335354208600475e+05 1.841004706376222670e+08 -8.756641642372330651e+06 -1.071781960939601302e+09 -1.655215322516049147e+09 1.888971985273512313e+06 1.368856640444104560e+06
-2.174681986515456229e+05 -4.925858785799640464e+04 -5.045255332086399430e+05 -8.170255903066623432e+04 1.048691191260196036e+06 4.819279694317129525e+01 4.362846814305273438e+04 -4.541560546831372631e+04 -2.038355876530383455e+02 2.378166064147483849e+04 -2.907293377048838678e+01 8.452659376442767098e+03 -3.997681877000287045e+02 -4.925804428496610490e+04 -7.569058374567999272e+04 8.619102821220587884e+01 6.292184644589960385e+01
-1.970141714746769369e+08 -4.460363432426996529e+07 -4.566748187003642917e+08 -7.386813621417859197e+07 9.498350812773025036e+08 4.362846814305273438e+04 3.951887358778614551e+07 -4.116477252080950141e+07 -1.835982893566000857e+05 2.153074493370782956e+07 -2.639422327070283427e+04 7.654605272892852314e+06 -3.602526626755336765e+05 -4.460314489482197911e+07 -6.832423089547491074e+07 7.787415049813252699e+04 5.703012487424961728e+04
2.060798901691980064e+08 4.647321609459769726e+07 4.741990297601963282e+08 7.646098789249104261e+07 -9.889022358133487701e+08 -4.541560546831372631e+04 -4.116477252080950141e+07 4.324980899764819443e+07 1.893482811016428168e+05 -2.241507373479050770e+07 2.817107180492961925e+04 -7.965777967203153297e+06 3.693694874604336219e+05 4.647271501651716977e+07 7.038352355717626214e+07 -8.122699003264101339e+04 -5.977728502296892839e+04
9.285483038501666160e+05 2.073457580475560972e+05 2.132058210535758175e+06 3.649897641351154889e+05 -4.484860203837671317e+06 -2.038355876530383455e+02 -1.835982893566000857e+05 1.893482811016428168e+05 1.040416341367007817e+03 -1.006631191924372106e+05 1.100210168418594208e+02 -3.588505560845941363e+04 1.947772944391529791e+03 2.073430350333207170e+05 3.535561289232232375e+05 -4.042937397860775945e+02 -2.598723965846759256e+02
-1.073432009347413331e+08 -2.430854809648914635e+07 -2.489631802945997417e+08 -4.032760014505299181e+07 5.175873819487813115e+08 2.378166064147483849e+04 2.153074493370782956e+07 -2.241507373479050770e+07 -1.006631191924372106e+05 1.173634529094567895e+07 -1.433854690913085506e+04 4.171520040880903602e+06 -1.973026948888148181e+05 -2.430827978607604280e+07 -3.736084236097195745e+07 4.256426045651754248e+04 3.105394102036594268e+04
1.330555544446352287e+05 2.983174763758042536e+04 2.991217733597874176e+05 4.684507539303681551e+04 -6.298335354208601639e+05 -2.907293377048838678e+01 -2.639422327070283427e+04 2.817107180492961925e+04 1.100210168418594208e+02 -1.433854690913085506e+04 2.031860536467342371e+01 -5.073156960794585757e+03 2.171780658086143774e+02 2.983145699661868639e+04 4.213290691209187935e+04 -5.012015978653575132e+01 -3.899099646167559996e+01
-3.815676763753937185e+07 -8.639588164986141026e+06 -8.854777166724400222e+07 -1.436027117087887041e+07 1.841004706376222670e+08 8.452659376442767098e+03 7.654605272892852314e+06 -7.965777967203153297e+06 -3.588505560845941363e+04 4.171520040880904067e+06 -5.073156960794585757e+03 1.483505830196821829e+06 -7.030376899315674382e+04 -8.639492535619175062e+06 -1.331251963191418722e+07 1.514638847606455056e+04 1.103263463393794518e+04
1.803797783198077930e+06 4.068339497484132880e+05 4.198543375676096417e+06 7.085321863253123593e+05 -8.756641642372330651e+06 -3.997681877000287045e+02 -3.602526626755336765e+05 3.693694874604336219e+05 1.947772944391529791e+03 -1.973026948888148181e+05 2.171780658086143774e+02 -7.030376899315674382e+04 3.720524767064949174e+03 4.068287850298279081e+05 6.806805327485180460e+05 -7.659588887701172553e+02 -5.094505517692912235e+02
2.223452456903946996e+08 5.035822536841520667e+07 5.156236970564206839e+08 8.339052882064695656e+07 -1.071781960939601302e+09 -4.925804428496610490e+04 -4.460314489482197165e+07 4.647271501651716977e+07 2.073430350333207170e+05 -2.430827978607604280e+07 2.983145699661868639e+04 -8.639492535619175062e+06 4.068287850298279081e+05 5.035767262539226562e+07 7.714960825177013874e+07 -8.793171040975968936e+04 -6.438469179760475527e+04
3.411158734822319150e+08 7.715054693537743390e+07 7.964085442978419065e+08 1.328028800433877409e+08 -1.655215322516049147e+09 -7.569058374567999272e+04 -6.832423089547491074e+07 7.038352355717626214e+07 3.535561289232232375e+05 -3.736084236097195745e+07 4.213290691209187935e+04 -1.331251963191418722e+07 6.806805327485180460e+05 7.714960825177015364e+07 1.262147685835539997e+08 -1.418917822734641668e+05 -9.718241963758543716e+04
-3.932822879534826498e+05 -8.793276894139192882e+04 -8.986015245981023181e+05 -1.498725788263064751e+05 1.888971985273512313e+06 8.619102821220589306e+01 7.787415049813251244e+04 -8.122699003264101339e+04 -4.042937397860775945e+02 4.256426045651754248e+04 -5.012015978653575132e+01 1.514638847606455056e+04 -7.659588887701172553e+02 -8.793171040975968936e+04 -1.418917822734641668e+05 1.641899457726329388e+02 1.117700645733040830e+02
-2.849399138855565106e+05 -6.438538197249056975e+04 -6.572797311240808340e+05 -1.057174845402713108e+05 1.368856640444104560e+06 6.292184644589960385e+01 5.703012487424961728e+04 -5.977728502296892839e+04 -2.598723965846759256e+02 3.105394102036594268e+04 -3.899099646167559996e+01 1.103263463393794518e+04 -5.094505517692912235e+02 -6.438469179760475527e+04 -9.718241963758543716e+04 1.117700645733040830e+02 8.274993633481730626e+01
