5.717578142323124409e+08 3.600561142899444103e+08 3.636033770637359142e+09 4.950373398066628575e+08 -7.325663498885253906e+09 -4.681606373734453809e+05 -3.194524307078638077e+08 3.691613774823373556e+08 3.942265836527771899e+05 -1.768306787582995892e+08 3.079521866813822417e+05 -6.032240438289666176e+07 2.509470184454596601e+06 3.600539336951128840e+08 3.984442509363970757e+08 5.576185150243204553e+05 -4.134797493108139606e+05
3.600561142899444103e+08 2.332602230779908895e+08 2.394545817206605911e+09 3.299052172184503078e+08 -4.730506864920764923e+09 -3.021883432299006963e+05 -2.064952365045071840e+08 2.385644590047414899e+08 2.684633304360916954e+05 -1.144627848042798936e+08 1.943212975829567295e+05 -3.914543606810330600e+07 1.730794521398401121e+06 2.332587138173283339e+08 2.695229700531998277e+08 3.554099210608139401e+05 -2.673794476785077713e+05
3.636033770637358665e+09 2.394545817206605911e+09 2.491467861826367188e+10 3.476062527148091316e+09 -4.864107168522508240e+10 -3.089130518570215441e+06 -2.120125728814648867e+09 2.444293343013622284e+09 2.879277961823088117e+06 -1.173837308611611843e+09 1.954273631799102761e+06 -4.033832891238935590e+08 1.881965983554081246e+07 2.394529368365180016e+09 2.877800167764913559e+09 3.584862582452550996e+06 -2.742021152545744553e+06
4.950373398066629171e+08 3.299052172184503078e+08 3.476062527148091316e+09 4.924024753576383591e+08 -6.722906556599075317e+09 -4.228669662178622093e+05 -2.923191015847089291e+08 3.361761613234630227e+08 4.167727879643721390e+05 -1.614189459521000385e+08 2.676891645388128818e+05 -5.584121226926887780e+07 2.786279299452372827e+06 3.299027801060265899e+08 4.148481800705692768e+08 4.818880638385454076e+05 -3.778491698109253775e+05
-7.325663498885254860e+09 -4.730506864920764923e+09 -4.864107168522508240e+10 -6.722906556599075317e+09 9.625987296551916504e+10 6.121572118123014458e+06 4.193702494615457535e+09 -4.837753969341609955e+09 -5.482841342937829904e+06 2.320692921648841858e+09 -3.932992415932116099e+06 7.954908872259758711e+08 -3.548533788437873870e+07 -4.730475919246000290e+09 -5.504246570813655853e+09 -7.178748810030370951e+06 5.423565537819343619e+06
-4.681606373734453809e+05 -3.021883432299006963e+05 -3.089130518570215441e+06 -4.228669662178622093e+05 6.121572118123014458e+06 3.954262452894811872e+02 2.674844776374008507e+05 -3.087421332347410498e+05 -3.467483742292257602e+02 1.487054540988606459e+05 -2.402548179806746589e+02 5.063694804091166588e+04 -2.114022389938870674e+03 -3.021864638645292725e+05 -3.425740586333113024e+05 -4.724857241806467982e+02 3.440445243909384203e+02
-3.194524307078638077e+08 -2.064952365045071840e+08 -2.120125728814648867e+09 -2.923191015847089291e+08 4.193702494615457535e+09 2.674844776374007924e+05 1.829423671426098645e+08 -2.112091337154950798e+08 -2.377765710517840344e+05 1.013332804477648288e+08 -1.715646082915474253e+05 3.468260922210846096e+07 -1.533175578881337075e+06 -2.064938995205141604e+08 -2.387199719905912280e+08 -3.145151800730820978e+05 2.367146050179880986e+05
3.691613774823373556e+08 2.385644590047414899e+08 2.444293343013622284e+09 3.361761613234630227e+08 -4.837753969341609955e+09 -3.087421332347410498e+05 -2.112091337154950798e+08 2.469674481114459038e+08 2.749887595494104316e+05 -1.168831018398302197e+08 2.047073348644289072e+05 -4.001534932750581205e+07 1.750291810422366019e+06 2.385629194658337831e+08 2.739259205885432363e+08 3.658581939374379581e+05 -2.755502658835386392e+05
3.942265836527771899e+05 2.684633304360916954e+05 2.879277961823088117e+06 4.167727879643721390e+05 -5.482841342937829904e+06 -3.467483742292257602e+02 -2.377765710517840344e+05 2.749887595494104316e+05 3.934447435768568653e+02 -1.313811253516623110e+05 2.014325140141227166e+02 -4.568345219662689487e+04 2.433116555854590388e+03 2.684610909369776491e+05 3.629331741628089221e+05 3.984568237546434943e+02 -3.046760031391596613e+02
-1.768306787582995892e+08 -1.144627848042798936e+08 -1.173837308611611843e+09 -1.614189459521000385e+08 2.320692921648842335e+09 1.487054540988606459e+05 1.013332804477648288e+08 -1.168831018398302197e+08 -1.313811253516623110e+05 5.622452357549776882e+07 -9.381764638564808411e+04 1.920224815907982737e+07 -8.363322936622773996e+05 -1.144620534317806065e+08 -1.315069466127059460e+08 -1.756299630068756524e+05 1.308712447360498481e+05
3.079521866813822417e+05 1.943212975829567295e+05 1.954273631799102761e+06 2.676891645388128236e+05 -3.932992415932116099e+06 -2.402548179806746589e+02 -1.715646082915474253e+05 2.047073348644289072e+05 2.014325140141227166e+02 -9.381764638564808411e+04 2.345342270858610050e+02 -3.241308325363073527e+04 1.604226052476195946e+03 1.943200048336359323e+05 2.204641583696250163e+05 2.690202740814536924e+02 -2.344556013753519608e+02
-6.032240438289666176e+07 -3.914543606810330600e+07 -4.033832891238935590e+08 -5.584121226926888525e+07 7.954908872259758711e+08 5.063694804091166588e+04 3.468260922210846096e+07 -4.001534932750581205e+07 -4.568345219662689487e+04 1.920224815907982737e+07 -3.241308325363073527e+04 6.582545180638080463e+06 -2.960238809210436302e+05 -3.914517776630929857e+07 -4.581379212210924923e+07 -5.928680872406213894e+04 4.486381557395829441e+04
2.509470184454596601e+06 1.730794521398401121e+06 1.881965983554081246e+07 2.786279299452372827e+06 -3.548533788437873870e+07 -2.114022389938870674e+03 -1.533175578881337075e+06 1.750291810422366019e+06 2.433116555854590388e+03 -8.363322936622773996e+05 1.604226052476195946e+03 -2.960238809210436302e+05 2.010250153869774294e+04 1.730778059943313245e+06 2.498196687276326586e+06 2.200753194271916527e+03 -2.020233755791394287e+03
3.600539336951128840e+08 2.332587138173283339e+08 2.394529368365180016e+09 3.299027801060265899e+08 -4.730475919246000290e+09 -3.021864638645292725e+05 -2.064938995205141604e+08 2.385629194658337831e+08 2.684610909369776491e+05 -1.144620534317806065e+08 1.943200048336359323e+05 -3.914517776630929857e+07 1.730778059943313245e+06 2.332572045709885955e+08 2.695207846616508365e+08 3.554079167520982446e+05 -2.673777021723045036e+05
3.984442509363970757e+08 2.695229700531998873e+08 2.877800167764913559e+09 4.148481800705692768e+08 -5.504246570813655853e+09 -3.425740586333113024e+05 -2.387199719905912280e+08 2.739259205885432363e+08 3.629331741628089221e+05 -1.315069466127059460e+08 2.204641583696250163e+05 -4.581379212210924923e+07 2.498196687276326586e+06 2.695207846616508365e+08 3.583236727218463421e+08 3.814798210608155350e+05 -3.087600027883839211e+05
5.576185150243204553e+05 3.554099210608140565e+05 3.584862582452550530e+06 4.818880638385454076e+05 -7.178748810030370019e+06 -4.724857241806467982e+02 -3.145151800730820978e+05 3.658581939374379581e+05 3.984568237546434943e+02 -1.756299630068756524e+05 2.690202740814536924e+02 -5.928680872406213894e+04 2.200753194271916527e+03 3.554079167520982446e+05 3.814798210608155350e+05 5.887351648561233333e+02 -4.028766204230429366e+02
-4.134797493108139606e+05 -2.673794476785077713e+05 -2.742021152545744088e+06 -3.778491698109252611e+05 5.423565537819343619e+06 3.440445243909384203e+02 2.367146050179880986e+05 -2.755502658835386392e+05 -3.046760031391596613e+02 1.308712447360498481e+05 -2.344556013753519608e+02 4.486381557395829441e+04 -2.020233755791394287e+03 -2.673777021723045036e+05 -3.087600027883839211e+05 -4.028766204230429366e+02 3.094138665654941178e+02
