6.918893269049291611e+09 1.583491407909815550e+09 1.588970608984501076e+10 2.330844362549225330e+09 -3.286618813209611130e+10 -1.886360912084144540e+06 1.500179314943449259e+09 4.902040212782423012e+06 -1.402537438065471649e+09 -7.841988770604983568e+08 6.688895186681966297e+05 -2.673048602794624269e+08 7.584008679931631312e+06 1.583479936253758669e+09 1.973441729230304718e+09 -3.209318744203432929e+06 -1.867708634790014010e+06
1.583491407909815788e+09 3.645075658614010215e+08 3.674223668600052357e+09 5.382278492974784374e+08 -7.551685248822439194e+09 -4.344814128021045472e+05 3.437566357712072134e+08 1.120269438214638969e+06 -3.226886900681195855e+08 -1.805223589471414387e+08 1.519715360498713271e+05 -6.153400145644656569e+07 1.736729685058103409e+06 3.645049347727606297e+08 4.556598444715941548e+08 -7.320522421517332550e+05 -4.287748511075680144e+05
1.588970608984501076e+10 3.674223668600052357e+09 3.731038959931789398e+10 5.498644458353588104e+09 -7.618281794331278992e+10 -4.365139193839222193e+06 3.455900082842670441e+09 1.152550513827461936e+07 -3.252743444041952133e+09 -1.818750230487668991e+09 1.508640415651362156e+06 -6.215049541865329742e+08 1.787425837870861217e+07 3.674196484632782936e+09 4.682450034492036819e+09 -7.346591085209599696e+06 -4.316534572172626853e+06
2.330844362549225330e+09 5.382278492974784374e+08 5.498644458353588104e+09 8.302248547181276083e+08 -1.123343272456927299e+10 -6.268181314752864419e+05 5.042042082555926442e+08 1.834904892830831930e+06 -4.766874976099174023e+08 -2.659154694345019460e+08 2.232430244138614507e+05 -9.146777283222754300e+07 2.906936462837247644e+06 5.382234515887614489e+08 7.232129260076317787e+08 -1.077167077635243535e+06 -6.351526161239105277e+05
-3.286618813209611130e+10 -7.551685248822439194e+09 -7.618281794331278992e+10 -1.123343272456927299e+10 1.569691018632183838e+11 8.955737621156292036e+06 -7.117792483707441330e+09 -2.370996733633987606e+07 6.690840326794878960e+09 3.738281967856654167e+09 -3.159385391746513546e+06 1.277120083605216742e+09 -3.698116472912576050e+07 -7.551629334535776138e+09 -9.562059625119314194e+09 1.517607601936933026e+07 8.896796463398050517e+06
-1.886360912084144540e+06 -4.344814128021045472e+05 -4.365139193839222193e+06 -6.268181314752864419e+05 8.955737621156293899e+06 5.359133396839019952e+02 -4.114624787881084485e+05 -1.258045215939831905e+03 3.845883811724382103e+05 2.161597611569550936e+05 -1.680839084340895511e+02 7.311732644702719699e+04 -1.822265711707661922e+03 -4.344785648853804450e+05 -5.201448393371043494e+05 8.950859153823457746e+02 5.030767288029002771e+02
1.500179314943449259e+09 3.437566357712072134e+08 3.455900082842670441e+09 5.042042082555926442e+08 -7.117792483707441330e+09 -4.114624787881084485e+05 3.278471994830932617e+08 1.047425163667555200e+06 -3.043375691111820340e+08 -1.701622120667766631e+08 1.453450415755569702e+05 -5.797953001717010140e+07 1.593871858728057705e+06 3.437542031521278620e+08 4.244276203085747361e+08 -6.971157042425075779e+05 -4.058776644597267732e+05
4.902040212782423012e+06 1.120269438214638969e+06 1.152550513827461936e+07 1.834904892830831930e+06 -2.370996733633987606e+07 -1.258045215939831905e+03 1.047425163667555200e+06 4.625315501666716955e+03 -9.919717528134362074e+05 -5.518414776032828959e+05 4.725439575992686514e+02 -1.919502633607265598e+05 7.423663232623583099e+03 1.120258178324462380e+06 1.679590306855701376e+06 -2.320035194928263991e+03 -1.331250361525509334e+03
-1.402537438065471649e+09 -3.226886900681195855e+08 -3.252743444041952133e+09 -4.766874976099174023e+08 6.690840326794878960e+09 3.845883811724382103e+05 -3.043375691111820340e+08 -9.919717528134362074e+05 2.857942111450482607e+08 1.598122478722994924e+08 -1.343934670818664599e+05 5.450022186500015110e+07 -1.537875522959217895e+06 -3.226863601754755974e+08 -4.034848226152076721e+08 6.479554256481238408e+05 3.796129825185548980e+05
-7.841988770604983568e+08 -1.805223589471414387e+08 -1.818750230487668991e+09 -2.659154694345019460e+08 3.738281967856654167e+09 2.161597611569550936e+05 -1.701622120667766631e+08 -5.518414776032828959e+05 1.598122478722994924e+08 8.948314849007175863e+07 -7.424735218334617093e+04 3.046493497864994034e+07 -8.501312093716402305e+05 -1.805210683791087866e+08 -2.246685082650617361e+08 3.643697208495030063e+05 2.117545423331757192e+05
6.688895186681966297e+05 1.519715360498713271e+05 1.508640415651362156e+06 2.232430244138614507e+05 -3.159385391746513080e+06 -1.680839084340895511e+02 1.453450415755569702e+05 4.725439575992686514e+02 -1.343934670818664599e+05 -7.424735218334617093e+04 8.356032093175468844e+01 -2.560084866486770625e+04 8.152365394554053637e+02 1.519703678365199012e+05 1.912340599755967851e+05 -2.819884573633907507e+02 -1.884409598469229081e+02
-2.673048602794624269e+08 -6.153400145644656569e+07 -6.215049541865329742e+08 -9.146777283222754300e+07 1.277120083605216742e+09 7.311732644702719699e+04 -5.797953001717010140e+07 -1.919502633607265598e+05 5.450022186500015110e+07 3.046493497864994034e+07 -2.560084866486770625e+04 1.040240634204767086e+07 -2.984462126638118643e+05 -6.153354932272437960e+07 -7.774136827671031654e+07 1.234951908710170828e+05 7.241270610376703553e+04
7.584008679931631312e+06 1.736729685058103409e+06 1.787425837870861217e+07 2.906936462837247644e+06 -3.698116472912576050e+07 -1.822265711707661922e+03 1.593871858728057705e+06 7.423663232623583099e+03 -1.537875522959217895e+06 -8.501312093716402305e+05 8.152365394554053637e+02 -2.984462126638118643e+05 1.325496131491775304e+04 1.736710646224664059e+06 2.710787782126581296e+06 -3.403338519759978226e+03 -2.111645728089537897e+03
1.583479936253758669e+09 3.645049347727606297e+08 3.674196484632782936e+09 5.382234515887614489e+08 -7.551629334535776138e+09 -4.344785648853804450e+05 3.437542031521278620e+08 1.120258178324462380e+06 -3.226863601754755974e+08 -1.805210683791087866e+08 1.519703678365199012e+05 -6.153354932272437960e+07 1.736710646224664059e+06 3.645023037124387026e+08 4.556557567038916349e+08 -7.320469794046696043e+05 -4.287716895285644569e+05
1.973441729230304718e+09 4.556598444715941548e+08 4.682450034492036819e+09 7.232129260076317787e+08 -9.562059625119314194e+09 -5.201448393371043494e+05 4.244276203085747361e+08 1.679590306855701376e+06 -4.034848226152076721e+08 -2.246685082650617361e+08 1.912340599755967851e+05 -7.774136827671031654e+07 2.710787782126581296e+06 4.556557567038916349e+08 6.446469445068466663e+08 -9.116389590365253389e+05 -5.394473453517964808e+05
-3.209318744203433394e+06 -7.320522421517331386e+05 -7.346591085209599696e+06 -1.077167077635243535e+06 1.517607601936933026e+07 8.950859153823457746e+02 -6.971157042425075779e+05 -2.320035194928263991e+03 6.479554256481238408e+05 3.643697208495030063e+05 -2.819884573633907507e+02 1.234951908710170683e+05 -3.403338519759978226e+03 -7.320469794046696043e+05 -9.116389590365253389e+05 1.566001252065045492e+03 8.492128957491188430e+02
-1.867708634790014010e+06 -4.287748511075680144e+05 -4.316534572172627784e+06 -6.351526161239105277e+05 8.896796463398050517e+06 5.030767288029002771e+02 -4.058776644597268314e+05 -1.331250361525509334e+03 3.796129825185548398e+05 2.117545423331757192e+05 -1.884409598469229365e+02 7.241270610376703553e+04 -2.111645728089537897e+03 -4.287716895285644569e+05 -5.394473453517964808e+05 8.492128957491188430e+02 5.102362377351963119e+02
