  omega_b    omega_cdm          h    log(A_s)       n_s          b          N
---------  -----------  ---------  ----------  --------  ---------  ---------
 1.22582      1.21065   -0.786561    1.20859    2.6775    1.21815    0.569044
 1.21065      1.18714   -1.04713     1.19252    2.50653   1.20274    0.555023
-0.786561    -1.04713    0.742277   -0.892806  -2.28531  -0.878339  -0.426836
 1.20859      1.19252   -0.892806    1.19034    2.69958   1.19966    0.558484
 2.6775       2.50653   -2.28531     2.69958    4.82453   2.72715    1.13371
 1.21815      1.20274   -0.878339    1.19966    2.72715   1.20825    0.562578
 0.569044     0.555023  -0.426836    0.558484   1.13371   0.562578   0.279755