  omega_b    omega_cdm          h    log(A_s)       n_s          b          N
---------  -----------  ---------  ----------  --------  ---------  ---------
 1.22506      1.21022   -0.786449    1.20814    2.67606   1.2177     0.568783
 1.21022      1.18728   -1.04736     1.19263    2.5066    1.20283    0.555021
-0.786449    -1.04736    0.742377   -0.892849  -2.2855   -0.878363  -0.426855
 1.20814      1.19263   -0.892849    1.19033    2.69957   1.19965    0.558486
 2.67606      2.5066    -2.2855      2.69957    4.82452   2.72713    1.13371
 1.2177       1.20283   -0.878363    1.19965    2.72713   1.20824    0.562579
 0.568783     0.555021  -0.426855    0.558486   1.13371   0.562579   0.279757