3.44693825499e8 	-1.39111731523e8	-3.13658791409e7	-1.74072514795e7	-1.11324863147e7	-1.95529459291e7	-4858.97922554 
-1.39111731523e8	6.21683449312e7 	1.15812883543e7 	7.32089575477e6 	5.08024172528e6 	8.15923104033e6 	2096.69422364  
-3.13658791409e7	1.15812883543e7 	3.11509478665e6 	1.5704525186e6  	883159.16547    	1.77934623731e6 	417.400329267  
-1.74072514795e7	7.32089575477e6 	1.5704525186e6  	922702.265173   	560947.990321   	1.03474958181e6 	247.313337159  
-1.11324863147e7	5.08024172528e6 	883159.16547    	560947.990321   	465043.504526   	627173.244412   	183.179365661  
-1.95529459291e7	8.15923104033e6 	1.77934623731e6 	1.03474958181e6 	627173.244412   	1.1830916009e6  	287.314543936  
-4858.97922554  	2096.69422364   	417.400329267   	247.313337159   	183.179365661   	287.314543936   	0.0886914072359