  omega_b    omega_cdm          h    log(A_s)        n_s         b          N
---------  -----------  ---------  ----------  ---------  --------  ---------
 1.20734       1.18613  -0.776819    1.18707    1.19447    1.19664   1.11199
 1.18613       1.15597  -1.02988     1.16445    1.16192    1.17467   1.07595
-0.776819     -1.02988   0.734315   -0.879986  -0.951856  -0.86578  -0.837807
 1.18707       1.16445  -0.879986    1.166      1.17123    1.17539   1.08628
 1.19447       1.16192  -0.951856    1.17123    1.16892    1.18146   1.08278
 1.19664       1.17467  -0.86578     1.17539    1.18146    1.18397   1.09436
 1.11199       1.07595  -0.837807    1.08628    1.08278    1.09436   1.08009