  omega_b    omega_cdm          h    log(A_s)        n_s          b          N
---------  -----------  ---------  ----------  ---------  ---------  ---------
 1.13879      1.19848   -0.693558    1.13926    1.13937    1.15416    0.566823
 1.19848      1.28931   -0.954935    1.22367    1.21751    1.23971    0.60317
-0.693558    -0.954935   0.6403     -0.788951  -0.839747  -0.781157  -0.394515
 1.13926      1.22367   -0.788951    1.153      1.15723    1.16664    0.573044
 1.13937      1.21751   -0.839747    1.15723    1.15509    1.17251    0.574176
 1.15416      1.23971   -0.781157    1.16664    1.17251    1.17859    0.578901
 0.566823     0.60317   -0.394515    0.573044   0.574176   0.578901   0.308551