  omega_b    omega_cdm        h    log(A_s)      n_s        b        N
---------  -----------  -------  ----------  -------  -------  -------
  1.56719      1.54673  1.56097     1.53049  1.6104   1.55595  2.06192
  1.54673      1.50506  1.56376     1.50787  1.53869  1.5348   1.62659
  1.56097      1.56376  1.53254     1.5211   1.67117  1.54396  2.23513
  1.53049      1.50787  1.5211      1.49011  1.57055  1.5145   1.67891
  1.6104       1.53869  1.67117     1.57055  1.54546  1.60111  1.7347
  1.55595      1.5348   1.54396     1.5145   1.60111  1.53717  1.69754
  2.06192      1.62659  2.23513     1.67891  1.7347   1.69754  1.7918