26919355.613 -39078489.099 34785892.5378 -85087.2182822 -491320.597371 -8447151.67231 -620044.43548 -229581.902351 -3229465.84213 -556387.206289 -340577.429214 -37064.5804997 -4032.36781405 5126485.17503 
-39078489.099 3126954611.63 -449011717.687 182895.492423 6370126.45929 18285959.9045 1162079.01078 -10278967.3948 144148648.728 89784976.4482 61922161.4858 28694185.2163 15026.6751138 -129899227.707 
34785892.5378 -449011717.687 1254716585.34 24260.5978924 -17617784.4061 1381437.68116 908886.621464 2926046.36258 -48363220.1009 -26639548.9696 -17508197.4328 -7963981.70482 2949.99028574 41266725.0727 
-85087.2182822 182895.492423 24260.5978924 413.297422452 -337.183844374 37745.2626214 2551.02228501 1247.39190059 -11591.765189 -1940.7962779 -1810.88175082 -520.480847666 0.39749137636 -523.088580456 
-491320.597371 6370126.45929 -17617784.4061 -337.183844374 247384.024564 -18909.6623274 -12701.9972403 -41434.3523975 686921.522062 377652.584564 248130.451542 112797.412305 -39.4806270773 -586322.638932 
-8447151.67231 18285959.9045 1381437.68116 37745.2626214 -18909.6623274 3654508.43727 248931.389084 120384.366191 -1055712.13035 -213939.757763 -165768.879354 -58942.656009 118.759640248 -99454.8328506 
-620044.43548 1162079.01078 908886.621464 2551.02228501 -12701.9972403 248931.389084 18397.0333338 8763.19831309 -30253.7657642 -14192.2275318 -10422.5875214 -5433.41306524 36.9928923186 -43156.8749994 
-229581.902351 -10278967.3948 2926046.36258 1247.39190059 -41434.3523975 120384.366191 8763.19831309 55390.5604677 -841867.730216 -468011.478067 -307025.659275 -139948.1253 22.626095506 695301.37542 
-3229465.84213 144148648.728 -48363220.1009 -11591.765189 686921.522062 -1055712.13035 -30253.7657642 -841867.730216 17968119.2892 8001202.29492 5072368.02147 2124802.27297 4249.79425576 -15250538.6199 
-556387.206289 89784976.4482 -26639548.9696 -1940.7962779 377652.584564 -213939.757763 -14192.2275318 -468011.478067 8001202.29492 4349316.48524 2727311.21048 1252048.70834 -2177.03472587 -6867283.47462 
-340577.429214 61922161.4858 -17508197.4328 -1810.88175082 248130.451542 -165768.879354 -10422.5875214 -307025.659275 5072368.02147 2727311.21048 1866934.56675 817729.031079 2738.03367987 -4341807.71592 
-37064.5804997 28694185.2163 -7963981.70482 -520.480847666 112797.412305 -58942.656009 -5433.41306524 -139948.1253 2124802.27297 1252048.70834 817729.031079 399862.767233 -1720.49017987 -1823493.31831 
-4032.36781405 15026.6751138 2949.99028574 0.39749137636 -39.4806270773 118.759640248 36.9928923186 22.626095506 4249.79425576 -2177.03472587 2738.03367987 -1720.49017987 472062853.518 -3581.62768712 
5126485.17503 -129899227.707 41266725.0727 -523.088580456 -586322.638932 -99454.8328506 -43156.8749994 695301.37542 -15250538.6199 -6867283.47462 -4341807.71592 -1823493.31831 -3581.62768712 13222400.8295 
