3.556270161524298042e+07 -6.858995038069421053e+07 -1.405628048525516750e+15 -1.572033521536517423e+06 8.082011709373880876e+04 6.204030939267555252e+06 7.375258613317145500e+05 2.392667966001946013e+06 6.637740829603404272e+05 -3.748987610454056412e+07
-6.858995038069421053e+07 3.119830028584635258e+08 1.265662536057514750e+15 4.263893338053297251e+06 -2.070301321288477920e+05 -5.826350088884267956e+06 -1.895344853771766415e+06 -6.168512655447673053e+06 -1.707294916617554845e+06 9.625369895645414293e+07
-1.405628048525516750e+15 1.265662536057514750e+15 1.893859268541190819e+23 2.120917293506857188e+14 -2.072927924200974609e+12 -8.297498552444737500e+14 -1.741076018708296484e+13 -6.180364502627713281e+13 -1.699200137815850391e+13 9.943436041551748750e+14
-1.572033521536517423e+06 4.263893338053297251e+06 2.120917293506857188e+14 4.767828155507638003e+05 -3.766349909298249713e+03 -9.515415666957948124e+05 -3.247371021562625901e+04 -1.124176284241566464e+05 -3.094194240861871003e+04 1.806755823648009449e+06
8.082011709373880876e+04 -2.070301321288477920e+05 -2.072927924200974609e+12 -3.766349909298249713e+03 2.088025728888433434e+02 9.100512304684745686e+03 1.916595792787433766e+03 6.181490866945363450e+03 1.715453639401082455e+03 -9.672936135321021720e+04
6.204030939267555252e+06 -5.826350088884267956e+06 -8.297498552444737500e+14 -9.515415666957948124e+05 9.100512304684745686e+03 3.876654681276617106e+06 7.672975559478148352e+04 2.717226795513531542e+05 7.477544890407397179e+04 -4.371557834431795403e+06
7.375258613317145500e+05 -1.895344853771766415e+06 -1.741076018708296484e+13 -3.247371021562625901e+04 1.916595792787433766e+03 7.672975559478148352e+04 1.761390167348663090e+04 5.673139474078894273e+04 1.574598943315341967e+04 -8.874846768324307632e+05
2.392667966001946013e+06 -6.168512655447673053e+06 -6.180364502627713281e+13 -1.124176284241566464e+05 6.181490866945363450e+03 2.717226795513531542e+05 5.673139474078894273e+04 1.832489566448530531e+05 5.082790699268686876e+04 -2.864127841962184757e+06
6.637740829603404272e+05 -1.707294916617554845e+06 -1.699200137815850391e+13 -3.094194240861871003e+04 1.715453639401082455e+03 7.477544890407397179e+04 1.574598943315341967e+04 5.082790699268686876e+04 1.410139953458776472e+04 -7.946731802838867297e+05
-3.748987610454056412e+07 9.625369895645414293e+07 9.943436041551748750e+14 1.806755823648009449e+06 -9.672936135321021720e+04 -4.371557834431795403e+06 -8.874846768324307632e+05 -2.864127841962184757e+06 -7.946731802838867297e+05 4.485445633108100295e+07
