7.699390833971378207e+07 3.753911751254048198e+07 2.875292995317027718e+07 2.850589741186026335e+08 -7.520569874446516037e+08 -4.777731704700940463e+04 3.902387180534090102e+07 9.423283836949748220e+05 -2.367639671996093239e+05 1.443215260641351051e+05 6.425269710381992627e+04 6.993964844860369340e+03 2.567754908320154573e+04 8.746828347534187742e+02 -1.007602814375971071e+07 -5.887164020551382564e+06 1.527292435472125188e+07 9.783969390113567351e+04 -1.034597667746376101e+05 -3.297305024277803674e+07 1.527307512563754883e+11
3.753911751254048198e+07 1.961144840644011274e+07 1.600802797791241296e+07 1.558921795208851397e+08 -3.845514893874033093e+08 -2.487354140726909100e+04 2.030513724400303140e+07 5.159490838012467138e+05 -1.286490817617483262e+05 7.985206494294918957e+04 3.572041558244621410e+04 3.893991749463977612e+03 1.430272868462632687e+04 5.131319151698071437e+02 -5.258068128002563491e+06 -3.060637880359325558e+06 8.565675749361690134e+06 5.199449299790448276e+04 -5.478086668089230079e+04 -1.713534232851424441e+07 7.904699906299655151e+10
2.875292995317027718e+07 1.600802797791241296e+07 1.563703131700577959e+07 1.391900172962747216e+08 -3.195811758390278220e+08 -1.987856243089745112e+04 1.638197482621382549e+07 4.701504485785219003e+05 -1.139819267296382168e+05 7.628743056782892381e+04 3.463402009704986995e+04 3.788452310973495059e+03 1.423331762582372176e+04 5.882672237753922673e+02 -4.256641889213473536e+06 -2.567983552631908562e+06 8.670443593448312953e+06 4.096643953274902742e+04 -4.498312991853553831e+04 -1.352783242138056457e+07 6.140031883516937256e+10
2.850589741186026335e+08 1.558921795208851397e+08 1.391900172962747216e+08 1.302458587611600876e+09 -3.066411564263248444e+09 -1.962940351033716579e+05 1.604960922323181629e+08 4.355553949354284443e+06 -1.073457166997248773e+06 6.862957710288441740e+05 3.087892598926283536e+05 3.370496737235561159e+04 1.246871480535404989e+05 4.766344112795703950e+03 -4.168989233720900118e+07 -2.457255855995208398e+07 7.524306255057328939e+07 4.113647885847355938e+05 -4.378993564399703755e+05 -1.346339876603280902e+08 6.168643662681179199e+11
-7.520569874446516037e+08 -3.845514893874034286e+08 -3.195811758390278220e+08 -3.066411564263248444e+09 7.690638556592510223e+09 4.867263905939894030e+05 -3.978165433181216121e+08 -1.020309231199946627e+07 2.537720142350791488e+06 -1.586133738850093214e+06 -7.099085269964346662e+05 -7.736787991407635855e+04 -2.856718017695210292e+05 -1.035575457310300953e+04 1.030258039563112855e+08 6.064407719935642928e+07 -1.710703473122466505e+08 -1.004381737976648845e+06 1.067950571007923922e+06 3.348017406934231520e+08 -1.542170027402584473e+12
-4.777731704700940463e+04 -2.487354140726909100e+04 -1.987856243089745112e+04 -1.962940351033716579e+05 4.867263905939894030e+05 3.238217575016180660e+01 -2.577246378787969297e+04 -6.859567402632991389e+02 1.725509725867301825e+02 -1.038421324404102108e+02 -4.506009399392310399e+01 -4.854567041630700075e+00 -1.754348506737818525e+01 -5.785511738749240518e-01 6.737199623934232477e+03 3.872519971587104919e+03 -1.043365187135156339e+04 -6.817306620856666655e+01 6.886500768510410353e+01 2.240292230479246791e+04 -1.041390506174633801e+08
3.902387180534090102e+07 2.030513724400303140e+07 1.638197482621382549e+07 1.604960922323181629e+08 -3.978165433181216121e+08 -2.577246378787969297e+04 2.124513452843161672e+07 5.257134472016248619e+05 -1.312038528463643743e+05 8.298397629802032316e+04 3.478584279681589396e+04 3.665680558129315614e+03 1.477785829202860623e+04 4.918122480350542105e+02 -5.432638336187686771e+06 -3.164139787606681697e+06 8.709841188604975119e+06 5.247799320688073931e+04 -5.768285553776675806e+04 -1.764260527815350145e+07 8.224137004127456665e+10
9.423283836949748220e+05 5.159490838012467138e+05 4.701504485785219003e+05 4.355553949354284443e+06 -1.020309231199946627e+07 -6.859567402632990252e+02 5.257134472016248619e+05 1.758844713833692003e+04 -4.376162745975821963e+03 2.624520648187740335e+03 1.141444778815898417e+03 1.236183607435468730e+02 4.163119226617333766e+02 1.518582842523230880e+01 -1.414134064713985717e+05 -8.186761660749088333e+04 2.539673820145749196e+05 1.481347060230628585e+03 -1.395122565239082633e+03 -4.794464384106259677e+05 2.216949147374955654e+09
-2.367639671996093239e+05 -1.286490817617483262e+05 -1.139819267296382168e+05 -1.073457166997248773e+06 2.537720142350791488e+06 1.725509725867301825e+02 -1.312038528463643452e+05 -4.376162745975821963e+03 1.098498707938241751e+03 -6.400505397909084877e+02 -2.773973434603698252e+02 -3.001178074463655676e+01 -9.906296690215340561e+01 -3.426253597024241593e+00 3.542833522769648698e+04 2.033828392866610375e+04 -6.027522266441109241e+04 -3.773925649901842689e+02 3.463435407746413830e+02 1.213742633616106468e+05 -5.633022198820835352e+08
1.443215260641351051e+05 7.985206494294918957e+04 7.628743056782892381e+04 6.862957710288441740e+05 -1.586133738850093214e+06 -1.038421324404102108e+02 8.298397629802032316e+04 2.624520648187740335e+03 -6.400505397909084877e+02 4.297847468286354911e+02 1.656931798327446188e+02 1.673932758421596034e+01 7.219501753708932767e+01 2.565283196522520015e+00 -2.152554012308423626e+04 -1.275014577544592794e+04 4.278933589110145112e+04 2.063061947495479274e+02 -2.265810148274264009e+02 -7.050832322078185098e+04 3.301333544370257258e+08
6.425269710381992627e+04 3.572041558244621410e+04 3.463402009704986995e+04 3.087892598926283536e+05 -7.099085269964346662e+05 -4.506009399392310399e+01 3.478584279681589396e+04 1.141444778815898644e+03 -2.773973434603698252e+02 1.656931798327446188e+02 9.713355139304383101e+01 1.172774608607000246e+01 3.058737484692395014e+01 1.650961045185293630e+00 -9.661428805035544428e+03 -5.712129878046977865e+03 1.988696197273730650e+04 1.041387536927893507e+02 -9.139805185188102143e+01 -3.178130398706137203e+04 1.381448788565482199e+08
6.993964844860369340e+03 3.893991749463977612e+03 3.788452310973495059e+03 3.370496737235561159e+04 -7.736787991407635855e+04 -4.854567041630700075e+00 3.665680558129315614e+03 1.236183607435468730e+02 -3.001178074463655676e+01 1.673932758421596034e+01 1.172774608607000246e+01 1.548421820129298743e+00 3.208849123237708767e+00 2.085908809037828326e-01 -1.056954371979108146e+03 -6.227991673392790517e+02 2.194734901957909642e+03 1.223686775445229813e+01 -9.252264825647300128e+00 -3.495467698219067188e+03 1.466108923020086810e+07
2.567754908320154573e+04 1.430272868462632687e+04 1.423331762582372176e+04 1.246871480535404989e+05 -2.856718017695210292e+05 -1.754348506737818525e+01 1.477785829202860623e+04 4.163119226617333766e+02 -9.906296690215340561e+01 7.219501753708932767e+01 3.058737484692395014e+01 3.208849123237708767e+00 1.393513115487236931e+01 5.926858615134049657e-01 -3.767247687857307028e+03 -2.295487600322234357e+03 8.341001511983911769e+03 3.424961997469915076e+01 -4.121484609813395394e+01 -1.175605684005455441e+04 5.373269885598033667e+07
8.746828347534187742e+02 5.131319151698071437e+02 5.882672237753922673e+02 4.766344112795703950e+03 -1.035575457310300953e+04 -5.785511738749240518e-01 4.918122480350542673e+02 1.518582842523230880e+01 -3.426253597024241593e+00 2.565283196522520015e+00 1.650961045185293630e+00 2.085908809037828049e-01 5.926858615134049657e-01 4.545440409123049919e-02 -1.332131764912245728e+02 -8.394889119082289142e+01 3.846990615217089271e+02 1.284161924563149260e+00 -1.324962935857972202e+00 -4.001851259274370136e+02 1.658522012197820935e+06
-1.007602814375971071e+07 -5.258068128002563491e+06 -4.256641889213473536e+06 -4.168989233720900118e+07 1.030258039563112855e+08 6.737199623934232477e+03 -5.432638336187686771e+06 -1.414134064713985717e+05 3.542833522769648698e+04 -2.152554012308423626e+04 -9.661428805035544428e+03 -1.056954371979108146e+03 -3.767247687857307028e+03 -1.332131764912245728e+02 1.416702584104105132e+06 8.198988346985328244e+05 -2.257911273318237625e+06 -1.424521938701844920e+04 1.457069960198993431e+04 4.663295437625898980e+06 -2.153795797192519760e+10
-5.887164020551382564e+06 -3.060637880359326024e+06 -2.567983552631908562e+06 -2.457255855995208025e+07 6.064407719935642928e+07 3.872519971587104919e+03 -3.164139787606681697e+06 -8.186761660749088333e+04 2.033828392866610375e+04 -1.275014577544592794e+04 -5.712129878046977865e+03 -6.227991673392790517e+02 -2.295487600322234357e+03 -8.394889119082289142e+01 8.198988346985328244e+05 4.814386369254586170e+05 -1.377509510462753940e+06 -8.038410588938281762e+03 8.526862669019687019e+03 2.663536388091623783e+06 -1.226272223915031052e+10
1.527292435472125188e+07 8.565675749361690134e+06 8.670443593448312953e+06 7.524306255057328939e+07 -1.710703473122466505e+08 -1.043365187135156339e+04 8.709841188604975119e+06 2.539673820145748905e+05 -6.027522266441109241e+04 4.278933589110145112e+04 1.988696197273730650e+04 2.194734901957909642e+03 8.341001511983911769e+03 3.846990615217089271e+02 -2.257911273318238091e+06 -1.377509510462753940e+06 5.156930758111212403e+06 2.113656134348316118e+04 -2.405254558708675904e+04 -7.052724530307077803e+06 3.164945724185992432e+10
9.783969390113567351e+04 5.199449299790448276e+04 4.096643953274902742e+04 4.113647885847355938e+05 -1.004381737976648845e+06 -6.817306620856666655e+01 5.247799320688073931e+04 1.481347060230628585e+03 -3.773925649901842689e+02 2.063061947495479274e+02 1.041387536927893507e+02 1.223686775445229813e+01 3.424961997469915076e+01 1.284161924563149260e+00 -1.424521938701844920e+04 -8.038410588938281762e+03 2.113656134348316118e+04 1.589207081105116686e+02 -1.368693506283279078e+02 -4.850027893759019207e+04 2.209461590603711605e+08
-1.034597667746376101e+05 -5.478086668089230079e+04 -4.498312991853553831e+04 -4.378993564399703755e+05 1.067950571007923922e+06 6.886500768510410353e+01 -5.768285553776676534e+04 -1.395122565239082633e+03 3.463435407746413830e+02 -2.265810148274264009e+02 -9.139805185188102143e+01 -9.252264825647300128e+00 -4.121484609813395394e+01 -1.324962935857972202e+00 1.457069960198993431e+04 8.526862669019687019e+03 -2.405254558708676268e+04 -1.368693506283279078e+02 1.594438731111203538e+02 4.676497722527229780e+04 -2.186629424702564478e+08
-3.297305024277803674e+07 -1.713534232851424441e+07 -1.352783242138056457e+07 -1.346339876603280902e+08 3.348017406934231520e+08 2.240292230479247519e+04 -1.764260527815350518e+07 -4.794464384106259677e+05 1.213742633616106468e+05 -7.050832322078185098e+04 -3.178130398706137203e+04 -3.495467698219066733e+03 -1.175605684005455441e+04 -4.001851259274370136e+02 4.663295437625898980e+06 2.663536388091623317e+06 -7.052724530307077803e+06 -4.850027893759019207e+04 4.676497722527229780e+04 1.567458576544455811e+07 -7.263702344891000366e+10
1.527307512563754883e+11 7.904699906299655151e+10 6.140031883516937256e+10 6.168643662681179199e+11 -1.542170027402584473e+12 -1.041390506174633801e+08 8.224137004127456665e+10 2.216949147374955654e+09 -5.633022198820835352e+08 3.301333544370257258e+08 1.381448788565482199e+08 1.466108923020086810e+07 5.373269885598033667e+07 1.658522012197820935e+06 -2.153795797192519760e+10 -1.226272223915031242e+10 3.164945724185992432e+10 2.209461590603711605e+08 -2.186629424702564478e+08 -7.263702344891000366e+10 3.409306209076021250e+14
