3.755574822266171128e+07 1.960041294413041323e+07 1.762932044203011692e+07 1.625314447700620294e+08 -3.956503995797582865e+08 -2.494170497551401786e+04 1.881449376534500718e+07 5.950105611257011769e+05 -1.486060552337527333e+05 7.871288819918948866e+04 5.087433961474836542e+04 6.274642046706746441e+03 1.394296095086479727e+04 7.108196706566468492e+02 -5.351983119264243171e+06 -3.139498295619525015e+06 9.406754315106483176e+06 6.002838509571588656e+04 -4.782664976994178141e+04 -1.791732452979656681e+07 7.714075928355874634e+10
1.960041294413041323e+07 1.070715370282612368e+07 9.818390151487171650e+06 9.045495066303379834e+07 -2.120521036207872629e+08 -1.357424533110077573e+04 1.026936803174403124e+07 3.290973261920306250e+05 -8.172752085628476925e+04 4.399591494497591339e+04 2.846453989309393728e+04 3.511400206308320776e+03 7.871799020604003090e+03 4.162871823470240429e+02 -2.917997445885779336e+06 -1.701363103303855984e+06 5.321423121836094186e+06 3.313737531777465483e+04 -2.632995234605084988e+04 -9.731598349576190114e+06 4.181898553956060028e+10
1.762932044203011692e+07 9.818390151487171650e+06 9.576231521568736061e+06 8.516872994070006907e+07 -1.953719001202235520e+08 -1.219855902183295620e+04 9.394498367066061124e+06 3.057352846086738282e+05 -7.422994834889803315e+04 4.280725416616145230e+04 2.788949847131427305e+04 3.450815510577219811e+03 8.040093700202212858e+03 4.738707867879661535e+02 -2.650373653142475523e+06 -1.572376308993152808e+06 5.453644375689451583e+06 2.900223136643785256e+04 -2.428915804508165820e+04 -8.649137600598316640e+06 3.682050108118537903e+10
1.625314447700620294e+08 9.045495066303379834e+07 8.516872994070006907e+07 7.751787065116478205e+08 -1.787207170055315495e+09 -1.138619293006377411e+05 8.666471716567105055e+07 2.808613398234972730e+06 -6.912809053444088204e+05 3.821811607388860430e+05 2.477046211275326787e+05 3.057322553494857493e+04 6.962652613672474399e+04 3.855491490583465747e+03 -2.456581498962278292e+07 -1.438433743192601763e+07 4.715393938452159613e+07 2.764567138964959886e+05 -2.233239737857964647e+05 -8.129321868282207847e+07 3.481177891128433228e+11
-3.956503995797582865e+08 -2.120521036207872629e+08 -1.953719001202235520e+08 -1.787207170055315495e+09 4.252370379391783237e+09 2.682601846507085720e+05 -2.033391297729541659e+08 -6.509699501560375094e+06 1.613168559451607754e+06 -8.742576095985309221e+05 -5.658280658656383166e+05 -6.980804422000904742e+04 -1.573629917993891286e+05 -8.391247723555970879e+03 5.773330022374211997e+07 3.389569845789571106e+07 -1.063569107210025489e+08 -6.461813580040542874e+05 5.201286176773032057e+05 1.920606810791663826e+08 -8.244192513869415283e+11
-2.494170497551401786e+04 -1.357424533110077573e+04 -1.219855902183295620e+04 -1.138619293006377411e+05 2.682601846507085720e+05 1.763737629497725834e+01 -1.301510320651263828e+04 -4.360593233932192447e+02 1.092596035615911774e+02 -5.691923649184502665e+01 -3.610306271143315371e+01 -4.399496395701233631e+00 -9.620154766712422756e+00 -4.726183887059566269e-01 3.735341300014621993e+03 2.151586451240881615e+03 -6.481798130231436517e+03 -4.332834862488898153e+01 3.322510615556707592e+01 1.270212546580981325e+04 -5.494265716942520440e+07
1.881449376534500718e+07 1.026936803174403124e+07 9.394498367066061124e+06 8.666471716567105055e+07 -2.033391297729541659e+08 -1.301510320651263828e+04 9.894395052150327712e+06 3.139727323354677646e+05 -7.802036716715045623e+04 4.231922132358585804e+04 2.680935274554829812e+04 3.255884339856645056e+03 7.544414685779578576e+03 3.874596388592773337e+02 -2.795764946412944701e+06 -1.631378983644460095e+06 5.072219805514099076e+06 3.138605096384923672e+04 -2.551785430120991805e+04 -9.306009025128822774e+06 4.016513782939898682e+10
5.950105611257011769e+05 3.290973261920306250e+05 3.057352846086738282e+05 2.808613398234972730e+06 -6.509699501560375094e+06 -4.360593233932192447e+02 3.139727323354676482e+05 1.186032146608872790e+04 -2.956759439578589536e+03 1.536856381754559379e+03 9.552311510067426070e+02 1.152250110358358342e+02 2.467872626412535908e+02 1.267706365839465832e+01 -9.137169191653162125e+04 -5.236645703079623490e+04 1.666117870583281911e+05 1.072498244666649953e+03 -7.988875047219037242e+02 -3.164706393685611547e+05 1.373286067862449884e+09
-1.486060552337527333e+05 -8.172752085628476925e+04 -7.422994834889803315e+04 -6.912809053444088204e+05 1.613168559451607754e+06 1.092596035615911774e+02 -7.802036716715045623e+04 -2.956759439578589536e+03 7.434733605173491924e+02 -3.756768571147359808e+02 -2.324858173284397367e+02 -2.798097229106952355e+01 -5.878243728652093125e+01 -2.870164367027909336e+00 2.279751801680482458e+04 1.296720010948119125e+04 -3.965179314590059221e+04 -2.720267811779859812e+02 1.978066856646430551e+02 7.977080337934030103e+04 -3.475491751067686677e+08
7.871288819918947411e+04 4.399591494497592066e+04 4.280725416616145230e+04 3.821811607388860430e+05 -8.742576095985309221e+05 -5.691923649184502665e+01 4.231922132358585804e+04 1.536856381754559379e+03 -3.756768571147359808e+02 2.130457376332417425e+02 1.284407211327579716e+02 1.508214553450407003e+01 3.636200493535633171e+01 1.984725057067886045e+00 -1.204492928481679701e+04 -7.043992885952610777e+03 2.424630658740838771e+04 1.325320708039079989e+02 -1.099678960255044302e+02 -4.047989223806349037e+04 1.755226491192365289e+08
5.087433961474836542e+04 2.846453989309393728e+04 2.788949847131427305e+04 2.477046211275326787e+05 -5.658280658656382002e+05 -3.610306271143315371e+01 2.680935274554829812e+04 9.552311510067426070e+02 -2.324858173284397367e+02 1.284407211327579716e+02 8.748418293495258524e+01 1.117059103833251399e+01 2.332359756217179125e+01 1.467593047106423576e+00 -7.769922794970007089e+03 -4.559832507247610010e+03 1.601569917643458029e+04 8.930204356330163762e+01 -6.787615166394333244e+01 -2.594078588867543294e+04 1.095002431482990235e+08
6.274642046706746441e+03 3.511400206308320776e+03 3.450815510577219811e+03 3.057322553494857493e+04 -6.980804422000904742e+04 -4.399496395701233631e+00 3.255884339856645056e+03 1.152250110358358342e+02 -2.798097229106951644e+01 1.508214553450407003e+01 1.117059103833251399e+01 1.510009589855784817e+00 2.845482149206195466e+00 1.966542600625213466e-01 -9.576187414201086767e+02 -5.626032911771549152e+02 1.997628180940445418e+03 1.140905824640004695e+01 -8.041557025960781147e+00 -3.189820169836371861e+03 1.321406132751740888e+07
1.394296095086479727e+04 7.871799020604003090e+03 8.040093700202212858e+03 6.962652613672474399e+04 -1.573629917993891286e+05 -9.620154766712422756e+00 7.544414685779578576e+03 2.467872626412535908e+02 -5.878243728652093125e+01 3.636200493535633171e+01 2.332359756217179125e+01 2.845482149206195466e+00 7.099705915618265806e+00 4.534640151517047579e-01 -2.107064451296173047e+03 -1.268377267540954790e+03 4.764162046826234473e+03 2.209440401378535057e+01 -1.976405420115330003e+01 -6.748200246663496728e+03 2.863693690484279767e+07
7.108196706566468492e+02 4.162871823470240429e+02 4.738707867879661535e+02 3.855491490583466202e+03 -8.391247723555970879e+03 -4.726183887059566269e-01 3.874596388592773337e+02 1.267706365839465832e+01 -2.870164367027909336e+00 1.984725057067886045e+00 1.467593047106423576e+00 1.966542600625213466e-01 4.534640151517047579e-01 4.001686995147606812e-02 -1.090621326586271209e+02 -6.802828979133221310e+01 3.088544498164358174e+02 1.120638243906713294e+00 -9.962549925022752273e-01 -3.327754145689874008e+02 1.343262355262308847e+06
-5.351983119264243171e+06 -2.917997445885779802e+06 -2.650373653142475057e+06 -2.456581498962278292e+07 5.773330022374211997e+07 3.735341300014621993e+03 -2.795764946412944701e+06 -9.137169191653162125e+04 2.279751801680482458e+04 -1.204492928481679701e+04 -7.769922794970007089e+03 -9.576187414201086767e+02 -2.107064451296173047e+03 -1.090621326586271493e+02 7.987006596426735632e+05 4.631251723085215781e+05 -1.424390642603076994e+06 -9.187582106737816503e+03 7.143205102912721486e+03 2.688223337563220877e+06 -1.157732258399491310e+10
-3.139498295619525015e+06 -1.701363103303855984e+06 -1.572376308993152576e+06 -1.438433743192601763e+07 3.389569845789571106e+07 2.151586451240881615e+03 -1.631378983644460095e+06 -5.236645703079623490e+04 1.296720010948119125e+04 -7.043992885952610777e+03 -4.559832507247610010e+03 -5.626032911771550289e+02 -1.268377267540954790e+03 -6.802828979133221310e+01 4.631251723085215781e+05 2.713334449744807207e+05 -8.577823711978750071e+05 -5.206825290368884453e+03 4.180414066061689482e+03 1.540239836694168160e+06 -6.611239742033473015e+09
9.406754315106483176e+06 5.321423121836094186e+06 5.453644375689451583e+06 4.715393938452159613e+07 -1.063569107210025489e+08 -6.481798130231436517e+03 5.072219805514099076e+06 1.666117870583282202e+05 -3.965179314590059221e+04 2.424630658740838771e+04 1.601569917643458029e+04 1.997628180940445645e+03 4.764162046826234473e+03 3.088544498164358174e+02 -1.424390642603076994e+06 -8.577823711978750071e+05 3.234023570199873298e+06 1.513478386367671010e+04 -1.318189300630533216e+04 -4.559229950712958351e+06 1.921092008554688263e+10
6.002838509571588656e+04 3.313737531777464756e+04 2.900223136643784892e+04 2.764567138964959886e+05 -6.461813580040542874e+05 -4.332834862488898153e+01 3.138605096384923672e+04 1.072498244666649953e+03 -2.720267811779860381e+02 1.325320708039079989e+02 8.930204356330163762e+01 1.140905824640004695e+01 2.209440401378535057e+01 1.120638243906713294e+00 -9.187582106737816503e+03 -5.206825290368884453e+03 1.513478386367671010e+04 1.139727430844157965e+02 -7.848925899129362449e+01 -3.178879829885195068e+04 1.365397549270875752e+08
-4.782664976994178141e+04 -2.632995234605084988e+04 -2.428915804508165820e+04 -2.233239737857964647e+05 5.201286176773032057e+05 3.322510615556707592e+01 -2.551785430120992169e+04 -7.988875047219037242e+02 1.978066856646430551e+02 -1.099678960255044302e+02 -6.787615166394333244e+01 -8.041557025960781147e+00 -1.976405420115330003e+01 -9.962549925022752273e-01 7.143205102912720577e+03 4.180414066061689482e+03 -1.318189300630533216e+04 -7.848925899129363870e+01 6.665764542526005698e+01 2.360814449202646574e+04 -1.022967287981428057e+08
-1.791732452979656681e+07 -9.731598349576190114e+06 -8.649137600598316640e+06 -8.129321868282207847e+07 1.920606810791663527e+08 1.270212546580981325e+04 -9.306009025128822774e+06 -3.164706393685611547e+05 7.977080337934030103e+04 -4.047989223806349037e+04 -2.594078588867543294e+04 -3.189820169836371861e+03 -6.748200246663496728e+03 -3.327754145689874008e+02 2.688223337563221343e+06 1.540239836694168160e+06 -4.559229950712958351e+06 -3.178879829885195068e+04 2.360814449202646574e+04 9.225633152753261849e+06 -3.993209342831843567e+10
7.714075928355874634e+10 4.181898553956060028e+10 3.682050108118537903e+10 3.481177891128433228e+11 -8.244192513869415283e+11 -5.494265716942520440e+07 4.016513782939897919e+10 1.373286067862449884e+09 -3.475491751067686677e+08 1.755226491192365289e+08 1.095002431482990235e+08 1.321406132751740888e+07 2.863693690484279767e+07 1.343262355262308847e+06 -1.157732258399491310e+10 -6.611239742033473015e+09 1.921092008554688263e+10 1.365397549270875752e+08 -1.022967287981428206e+08 -3.993209342831842804e+10 1.740043741942374375e+14
