1.897351209770936966e+08 1.006352099853573740e+08 9.921757156452590227e+07 8.587148896089427471e+08 -2.044584264214544535e+09 -1.178668954253930424e+05 1.044792920453500152e+08 2.592431965489820112e+06 -6.104376425453380216e+05 4.765807023300608271e+05 2.046265121459070069e+05 2.092411381690754934e+04 1.040431167796616501e+05 4.730496185844597676e+03 -2.610376991868086904e+07 -1.625107903459133208e+07 6.065129860383377969e+07 2.255644718857526605e+05 -2.954591699325493537e+05 -7.942049747896793485e+07 3.610814659042984009e+11
1.006352099853573740e+08 5.642520023921538889e+07 5.804458687304212153e+07 4.966040387196937799e+08 -1.128503472403038025e+09 -6.543743915736099007e+04 5.842516697276069224e+07 1.489156456499016844e+06 -3.475633022278079879e+05 2.785925431232947158e+05 1.198253173683796776e+05 1.222265954493829122e+04 6.178488977347577747e+04 2.909555406609866623e+03 -1.458359787379823439e+07 -9.080172320081481710e+06 3.599751975563540310e+07 1.264492120336795342e+05 -1.680329011119294737e+05 -4.400077845043832064e+07 1.991897353985075073e+11
9.921757156452593207e+07 5.804458687304212153e+07 6.622271354154525697e+07 5.381772165513322353e+08 -1.172784168293270111e+09 -6.509229366289476457e+04 5.973149898435464501e+07 1.600053891282527009e+06 -3.634527492809649557e+05 3.162398001948078163e+05 1.366115248671662703e+05 1.383179295320496203e+04 7.360723402532514592e+04 3.761033239850873542e+03 -1.482089826513196528e+07 -9.496065863509025425e+06 4.274388973677735031e+07 1.228194854185490112e+05 -1.754439040553232771e+05 -4.341153944994720817e+07 1.939019298020635071e+11
8.587148896089427471e+08 4.966040387196937799e+08 5.381772165513322353e+08 4.500013612912391663e+09 -9.947454158128868103e+09 -5.678684913963977015e+05 5.126083696331045032e+08 1.345472739031548798e+07 -3.103584857586367056e+06 2.576479940578483045e+06 1.109660326690518763e+06 1.127843520095030544e+05 5.832000126907861559e+05 2.850447010350418714e+04 -1.277012345255130976e+08 -8.040738949125152826e+07 3.393911013462830782e+08 1.090916621907288441e+06 -1.491954563866863726e+06 -3.804798694242151380e+08 1.712155919637872559e+12
-2.044584264214544535e+09 -1.128503472403038025e+09 -1.172784168293270111e+09 -9.947454158128868103e+09 2.285713300605416489e+10 1.304680226403519744e+06 -1.167994742317166328e+09 -2.988148830386848003e+07 6.957150438340183347e+06 -5.618592646623315290e+06 -2.415687741202290170e+06 -2.461167071807652828e+05 -1.252445459052003687e+06 -5.930756093646690715e+04 2.913485505411687493e+08 1.828221340786575973e+08 -7.291410737639250755e+08 -2.495132009804854635e+06 3.350760331320126541e+06 8.763347863447436094e+08 -3.962166778858902344e+12
-1.178668954253930424e+05 -6.543743915736099007e+04 -6.509229366289476457e+04 -5.678684913963975850e+05 1.304680226403519977e+06 7.878236201723548504e+01 -6.785582795614020142e+04 -1.810467520802911395e+03 4.287733308919579258e+02 -3.267659139354223612e+02 -1.361490369001537317e+02 -1.376540820048966651e+01 -6.768682723541874680e+01 -2.930327132162160897e+00 1.712300210421867087e+04 1.048330480960027853e+04 -3.936303728747506102e+04 -1.531991449413577868e+02 1.924574131907428409e+02 5.298128652421227162e+04 -2.422361253559473455e+08
1.044792920453500152e+08 5.842516697276069224e+07 5.973149898435464501e+07 5.126083696331045032e+08 -1.167994742317166328e+09 -6.785582795614020142e+04 6.102630793992176652e+07 1.525966303472049301e+06 -3.565028916423692135e+05 2.900974032746568555e+05 1.180853760436577140e+05 1.164166618515728624e+04 6.402549705677528982e+04 2.846016281881908981e+03 -1.507660934367898665e+07 -9.393944578900255263e+06 3.689296625401052833e+07 1.281325156512716785e+05 -1.765952139019688766e+05 -4.537008917132713646e+07 2.073405307220369873e+11
2.592431965489820112e+06 1.489156456499016378e+06 1.600053891282527009e+06 1.345472739031548798e+07 -2.988148830386848003e+07 -1.810467520802911395e+03 1.525966303472049301e+06 4.722623383344132162e+04 -1.109021005390619939e+04 8.476072953944629262e+03 3.544188047565247416e+03 3.601031182355725377e+02 1.703823589008616864e+03 7.968017973874344761e+01 -3.917462776672092150e+05 -2.414254924611850874e+05 9.953229633324116003e+05 3.555854905619276451e+03 -4.320917723721510811e+03 -1.223170550227870233e+06 5.564919460868511200e+09
-6.104376425453379052e+05 -3.475633022278079879e+05 -3.634527492809649557e+05 -3.103584857586367056e+06 6.957150438340182416e+06 4.287733308919579258e+02 -3.565028916423692135e+05 -1.109021005390619939e+04 2.632826260878061476e+03 -1.939723120142625476e+03 -8.071466076563141314e+02 -8.210125888839614561e+01 -3.783755306960944154e+02 -1.694065194416661768e+01 9.200680296349279524e+04 5.613583836162355874e+04 -2.215979166385326243e+05 -8.538179458266195070e+02 1.001438178895668898e+03 2.912307494650600129e+05 -1.331258568227452040e+09
4.765807023300608271e+05 2.785925431232947158e+05 3.162398001948078163e+05 2.576479940578483045e+06 -5.618592646623315290e+06 -3.267659139354223612e+02 2.900974032746568555e+05 8.476072953944629262e+03 -1.939723120142625476e+03 1.683991885138591442e+03 6.338927636012530229e+02 5.938857361978780602e+01 3.625370487303350160e+02 1.655374700717380421e+01 -7.189204276932675566e+04 -4.551753009930930421e+04 2.048644919983678847e+05 5.922595172409962743e+02 -8.505782772776569800e+02 -2.156020805744627723e+05 9.889125078180034161e+08
2.046265121459069778e+05 1.198253173683796922e+05 1.366115248671662703e+05 1.109660326690518763e+06 -2.415687741202290170e+06 -1.361490369001537317e+02 1.180853760436577140e+05 3.544188047565247416e+03 -8.071466076563141314e+02 6.338927636012530229e+02 3.473077752193316883e+02 3.947250702026657621e+01 1.464762608618887327e+02 9.501756025337117606e+00 -3.104391389434356824e+04 -1.958064286755292414e+04 8.948363097918422136e+04 2.859746533211486508e+02 -3.325920011858594876e+02 -9.355929967479233164e+04 4.009388962694916725e+08
2.092411381690754934e+04 1.222265954493829122e+04 1.383179295320496203e+04 1.127843520095030544e+05 -2.461167071807652828e+05 -1.376540820048966829e+01 1.164166618515728624e+04 3.601031182355725377e+02 -8.210125888839614561e+01 5.938857361978780602e+01 3.947250702026657621e+01 4.987765611926350040e+00 1.402315029211455766e+01 1.097449911582072390e+00 -3.185900122812859991e+03 -1.994665907828360332e+03 9.051087060638470575e+03 3.184240883931344257e+01 -3.129440476182857722e+01 -9.696665272948142956e+03 4.004374784153509885e+07
1.040431167796616501e+05 6.178488977347577747e+04 7.360723402532514592e+04 5.832000126907861559e+05 -1.252445459052003687e+06 -6.768682723541874680e+01 6.402549705677528982e+04 1.703823589008616864e+03 -3.783755306960944154e+02 3.625370487303350160e+02 1.464762608618887327e+02 1.402315029211455766e+01 8.785683223900464611e+01 4.543502063272293334e+00 -1.559875974198729818e+04 -1.016270551271615295e+04 4.961751077653437096e+04 1.213197135515618186e+02 -1.924294737090244212e+02 -4.463874453308664670e+04 2.001660189881316423e+08
4.730496185844596766e+03 2.909555406609866623e+03 3.761033239850873542e+03 2.850447010350418714e+04 -5.930756093646690715e+04 -2.930327132162160897e+00 2.846016281881908981e+03 7.968017973874344761e+01 -1.694065194416661768e+01 1.655374700717380421e+01 9.501756025337117606e+00 1.097449911582072390e+00 4.543502063272293334e+00 3.673164296301453247e-01 -7.268464645528662231e+02 -4.840166845403809361e+02 2.706843843161072982e+03 5.956608130930596268e+00 -8.308303090084967479e+00 -2.021611404837040936e+03 8.369330243323812261e+06
-2.610376991868086904e+07 -1.458359787379823439e+07 -1.482089826513196528e+07 -1.277012345255130976e+08 2.913485505411687493e+08 1.712300210421867087e+04 -1.507660934367898665e+07 -3.917462776672092150e+05 9.200680296349278069e+04 -7.189204276932675566e+04 -3.104391389434356824e+04 -3.185900122812859991e+03 -1.559875974198729818e+04 -7.268464645528662231e+02 3.787965899622440804e+06 2.343087640614266973e+06 -9.111071308385591954e+06 -3.343749804202835367e+04 4.306411372578136070e+04 1.154912653804702871e+07 -5.236807943002909851e+10
-1.625107903459133208e+07 -9.080172320081481710e+06 -9.496065863509025425e+06 -8.040738949125152826e+07 1.828221340786575973e+08 1.048330480960027853e+04 -9.393944578900255263e+06 -2.414254924611850874e+05 5.613583836162355874e+04 -4.551753009930930421e+04 -1.958064286755292414e+04 -1.994665907828360332e+03 -1.016270551271615295e+04 -4.840166845403809361e+02 2.343087640614266973e+06 1.468723902678551152e+06 -5.918505210350776091e+06 -2.011388873757527472e+04 2.703578278945056809e+04 7.040168310915267095e+06 -3.181265490900609970e+10
6.065129860383377969e+07 3.599751975563540310e+07 4.274388973677735031e+07 3.393911013462830782e+08 -7.291410737639250755e+08 -3.936303728747506102e+04 3.689296625401051342e+07 9.953229633324116003e+05 -2.215979166385326243e+05 2.048644919983678847e+05 8.948363097918422136e+04 9.051087060638470575e+03 4.961751077653437096e+04 2.706843843161072982e+03 -9.111071308385591954e+06 -5.918505210350777954e+06 2.869238323406064510e+07 7.314473093260169844e+04 -1.095714051519390487e+05 -2.618497314363323897e+07 1.158621798830050812e+11
2.255644718857526605e+05 1.264492120336795342e+05 1.228194854185490112e+05 1.090916621907288441e+06 -2.495132009804854635e+06 -1.531991449413577868e+02 1.281325156512717076e+05 3.555854905619275542e+03 -8.538179458266195070e+02 5.922595172409962743e+02 2.859746533211486508e+02 3.184240883931344257e+01 1.213197135515618186e+02 5.956608130930596268e+00 -3.343749804202834639e+04 -2.011388873757527836e+04 7.314473093260169844e+04 3.281087474873239671e+02 -3.538637054833654929e+02 -1.058180972262760915e+05 4.744854305081453919e+08
-2.954591699325493537e+05 -1.680329011119294737e+05 -1.754439040553232771e+05 -1.491954563866863726e+06 3.350760331320125610e+06 1.924574131907427841e+02 -1.765952139019688766e+05 -4.320917723721510811e+03 1.001438178895668898e+03 -8.505782772776569800e+02 -3.325920011858594876e+02 -3.129440476182857722e+01 -1.924294737090244212e+02 -8.308303090084967479e+00 4.306411372578136070e+04 2.703578278945056809e+04 -1.095714051519390487e+05 -3.538637054833654929e+02 5.207370772663740581e+02 1.277957636028827110e+05 -5.856300868414809704e+08
-7.942049747896793485e+07 -4.400077845043832064e+07 -4.341153944994720817e+07 -3.804798694242151976e+08 8.763347863447436094e+08 5.298128652421227889e+04 -4.537008917132713646e+07 -1.223170550227870233e+06 2.912307494650600129e+05 -2.156020805744627723e+05 -9.355929967479234620e+04 -9.696665272948142956e+03 -4.463874453308664670e+04 -2.021611404837040936e+03 1.154912653804702871e+07 7.040168310915267095e+06 -2.618497314363323897e+07 -1.058180972262760915e+05 1.277957636028827255e+05 3.601360968205785006e+07 -1.640102156083486328e+11
3.610814659042984009e+11 1.991897353985075073e+11 1.939019298020635071e+11 1.712155919637872559e+12 -3.962166778858901855e+12 -2.422361253559473455e+08 2.073405307220369873e+11 5.564919460868511200e+09 -1.331258568227452040e+09 9.889125078180035353e+08 4.009388962694916725e+08 4.004374784153509885e+07 2.001660189881316423e+08 8.369330243323812261e+06 -5.236807943002909851e+10 -3.181265490900609970e+10 1.158621798830050812e+11 4.744854305081453323e+08 -5.856300868414809704e+08 -1.640102156083486328e+11 7.564498418222428750e+14
