5.411519490805058926e+07 -6.977684644205225632e+06 -1.077032290189271793e+07 1.988321167293489575e+08 -7.423490361418131590e+08 1.455424682480787486e+07 4.982056252573411912e+06 -5.035313159860039130e+06 0.000000000000000000e+00 -2.326710369604722261e+08 0.000000000000000000e+00
-6.977684644205225632e+06 4.502971766197263263e+06 5.831110172150215134e+06 -2.704827175313873962e+07 2.104430078339016438e+08 -9.387811630948223174e+06 -6.149175402536237380e+05 1.406694119370487169e+05 0.000000000000000000e+00 3.403114126167932898e+07 0.000000000000000000e+00
-1.077032290189271793e+07 5.831110172150215134e+06 8.742977630082748830e+06 -3.913466640823449939e+07 3.408559585971027613e+08 -1.218272675502437539e+07 -9.521626253001680598e+05 2.015052205924767477e+05 0.000000000000000000e+00 5.260232692898532748e+07 0.000000000000000000e+00
1.988321167293489575e+08 -2.704827175313873962e+07 -3.913466640823449939e+07 7.371836135193654299e+08 -2.669755855415639877e+09 5.644908555487183481e+07 1.830566436220102385e+07 -1.865850407635374367e+07 0.000000000000000000e+00 -8.542973535853856802e+08 0.000000000000000000e+00
-7.423490361418131590e+08 2.104430078339016438e+08 3.408559585971027613e+08 -2.669755855415639877e+09 1.787342451507400131e+10 -4.392437595979475379e+08 -6.716837074152949452e+07 4.318004264628692716e+07 0.000000000000000000e+00 3.379150897052594185e+09 0.000000000000000000e+00
1.455424682480787486e+07 -9.387811630948223174e+06 -1.218272675502437539e+07 5.644908555487183481e+07 -4.392437595979475379e+08 1.981305486376726627e+07 1.282909112175794551e+06 -2.934709201597334468e+05 0.000000000000000000e+00 -7.098933700480867922e+07 0.000000000000000000e+00
4.982056252573411912e+06 -6.149175402536237380e+05 -9.521626253001680598e+05 1.830566436220102385e+07 -6.716837074152949452e+07 1.282909112175794551e+06 4.589129665849086014e+05 -4.684084134651781642e+05 0.000000000000000000e+00 -2.138191139748160169e+07 0.000000000000000000e+00
-5.035313159860039130e+06 1.406694119370487169e+05 2.015052205924767477e+05 -1.865850407635374367e+07 4.318004264628692716e+07 -2.934709201597334468e+05 -4.684084134651781642e+05 5.706834016750011360e+05 0.000000000000000000e+00 2.084782060022484884e+07 0.000000000000000000e+00
0.000000000000000000e+00 0.000000000000000000e+00 0.000000000000000000e+00 0.000000000000000000e+00 0.000000000000000000e+00 0.000000000000000000e+00 0.000000000000000000e+00 0.000000000000000000e+00 0.000000000000000000e+00 0.000000000000000000e+00 0.000000000000000000e+00
-2.326710369604722261e+08 3.403114126167932898e+07 5.260232692898532748e+07 -8.542973535853856802e+08 3.379150897052594185e+09 -7.098933700480867922e+07 -2.138191139748160169e+07 2.084782060022484884e+07 0.000000000000000000e+00 1.014636921034439325e+09 0.000000000000000000e+00
0.000000000000000000e+00 0.000000000000000000e+00 0.000000000000000000e+00 0.000000000000000000e+00 0.000000000000000000e+00 0.000000000000000000e+00 0.000000000000000000e+00 0.000000000000000000e+00 0.000000000000000000e+00 0.000000000000000000e+00 0.000000000000000000e+00
