2.087657432307401206e+06 -4.370698039303916157e+05 -3.759194556723921560e+05 8.082169413476517424e+06 -2.070379157342086360e+07 9.116514378589994740e+05 1.916395954062207020e+05 -2.059303360237513552e+05 0.000000000000000000e+00 -9.671440880818651989e+06 0.000000000000000000e+00
-4.370698039303916157e+05 8.407392076055681100e+05 4.478712845623985049e+05 -2.962593936978973448e+06 2.672379679462963250e+06 -1.752436092898449395e+06 -3.670800200120438240e+04 1.671352779758507313e+04 0.000000000000000000e+00 2.096499750120867277e+06 0.000000000000000000e+00
-3.759194556723921560e+05 4.478712845623985049e+05 4.736527551430921885e+05 -1.570154553435531445e+06 4.245021173348749988e+06 -9.371008846990048187e+05 -3.241608225625266641e+04 5.577366927862050943e+03 0.000000000000000000e+00 1.803428955747081665e+06 0.000000000000000000e+00
8.082169413476517424e+06 -2.962593936978973448e+06 -1.570154553435531445e+06 3.555790484264850616e+07 -6.855561331541487575e+07 6.179054540216653608e+06 7.374662264534484129e+05 -8.126168010859603528e+05 0.000000000000000000e+00 -3.748886644091182947e+07 0.000000000000000000e+00
-2.070379157342086360e+07 2.672379679462963250e+06 4.245021173348749988e+06 -6.855561331541487575e+07 3.116802065183130503e+08 -5.592557004616843536e+06 -1.895022938199412078e+06 1.813518207039144821e+06 0.000000000000000000e+00 9.624929415109975636e+07 0.000000000000000000e+00
9.116514378589994740e+05 -1.752436092898449395e+06 -9.371008846990048187e+05 6.179054540216653608e+06 -5.592557004616843536e+06 3.673064471828332171e+06 7.658434591889515286e+04 -3.482970959099689208e+04 0.000000000000000000e+00 -4.372880158701742999e+06 0.000000000000000000e+00
1.916395954062207020e+05 -3.670800200120438240e+04 -3.241608225625266641e+04 7.374662264534484129e+05 -1.895022938199412078e+06 7.658434591889515286e+04 1.761134210940076082e+04 -1.907532828638357023e+04 0.000000000000000000e+00 -8.873654604729322018e+05 0.000000000000000000e+00
-2.059303360237513552e+05 1.671352779758507313e+04 5.577366927862050943e+03 -8.126168010859603528e+05 1.813518207039144821e+06 -3.482970959099689208e+04 -1.907532828638357023e+04 2.323543327738897642e+04 0.000000000000000000e+00 9.482173012608230347e+05 0.000000000000000000e+00
0.000000000000000000e+00 0.000000000000000000e+00 0.000000000000000000e+00 0.000000000000000000e+00 0.000000000000000000e+00 0.000000000000000000e+00 0.000000000000000000e+00 0.000000000000000000e+00 0.000000000000000000e+00 0.000000000000000000e+00 0.000000000000000000e+00
-9.671440880818651989e+06 2.096499750120867277e+06 1.803428955747081665e+06 -3.748886644091182947e+07 9.624929415109975636e+07 -4.372880158701742999e+06 -8.873654604729322018e+05 9.482173012608230347e+05 0.000000000000000000e+00 4.484693574941678345e+07 0.000000000000000000e+00
0.000000000000000000e+00 0.000000000000000000e+00 0.000000000000000000e+00 0.000000000000000000e+00 0.000000000000000000e+00 0.000000000000000000e+00 0.000000000000000000e+00 0.000000000000000000e+00 0.000000000000000000e+00 0.000000000000000000e+00 0.000000000000000000e+00
