1.901635978519938886e+07 -2.630908225438737776e+06 -3.649313637326309923e+06 7.048760491199222207e+07 -2.259405440593312085e+08 5.488149029584240168e+06 1.750359576166859129e+06 -1.811486489515331108e+06 0.000000000000000000e+00 -8.488804222956381738e+07 0.000000000000000000e+00
-2.630908225438737776e+06 2.325862188695551828e+06 2.451326305630127899e+06 -1.132737683970137686e+07 6.047309588618300110e+07 -4.850828329435771331e+06 -2.299089483835785941e+05 5.894715963184383145e+04 0.000000000000000000e+00 1.267281359518722631e+07 0.000000000000000000e+00
-3.649313637326309923e+06 2.451326305630127899e+06 3.301101323758807499e+06 -1.368353871553449519e+07 9.340419955793741345e+07 -5.116185161399433389e+06 -3.209324474590905011e+05 7.046789056566618092e+04 0.000000000000000000e+00 1.759983082696240395e+07 0.000000000000000000e+00
7.048760491199222207e+07 -1.132737683970137686e+07 -1.368353871553449519e+07 2.669857763650954366e+08 -8.112954159767801762e+08 2.362977802870707214e+07 6.484453894661817700e+06 -6.765678736993470229e+06 0.000000000000000000e+00 -3.146712584307942390e+08 0.000000000000000000e+00
-2.259405440593312085e+08 6.047309588618300110e+07 9.340419955793741345e+07 -8.112954159767801762e+08 4.337257391290939331e+09 -1.261694651055449247e+08 -2.049962611229195818e+07 1.514758533075544797e+07 0.000000000000000000e+00 1.035165966773630619e+09 0.000000000000000000e+00
5.488149029584240168e+06 -4.850828329435771331e+06 -5.116185161399433389e+06 2.362977802870707214e+07 -1.261694651055449247e+08 1.013717415068981238e+07 4.796139736237039906e+05 -1.229462282281081716e+05 0.000000000000000000e+00 -2.643580388736435026e+07 0.000000000000000000e+00
1.750359576166859129e+06 -2.299089483835785941e+05 -3.209324474590905011e+05 6.484453894661817700e+06 -2.049962611229195818e+07 4.796139736237039906e+05 1.612049036314307014e+05 -1.683554072327154863e+05 0.000000000000000000e+00 -7.805499381111396477e+06 0.000000000000000000e+00
-1.811486489515331108e+06 5.894715963184383145e+04 7.046789056566618092e+04 -6.765678736993470229e+06 1.514758533075544797e+07 -1.229462282281081716e+05 -1.683554072327154863e+05 2.043097822601236112e+05 0.000000000000000000e+00 7.935168881186491810e+06 0.000000000000000000e+00
0.000000000000000000e+00 0.000000000000000000e+00 0.000000000000000000e+00 0.000000000000000000e+00 0.000000000000000000e+00 0.000000000000000000e+00 0.000000000000000000e+00 0.000000000000000000e+00 0.000000000000000000e+00 0.000000000000000000e+00 0.000000000000000000e+00
-8.488804222956381738e+07 1.267281359518722631e+07 1.759983082696240395e+07 -3.146712584307942390e+08 1.035165966773630619e+09 -2.643580388736435026e+07 -7.805499381111396477e+06 7.935168881186491810e+06 0.000000000000000000e+00 3.810015013826960325e+08 0.000000000000000000e+00
0.000000000000000000e+00 0.000000000000000000e+00 0.000000000000000000e+00 0.000000000000000000e+00 0.000000000000000000e+00 0.000000000000000000e+00 0.000000000000000000e+00 0.000000000000000000e+00 0.000000000000000000e+00 0.000000000000000000e+00 0.000000000000000000e+00
