7.389025327150867321e+06 3.494702337120349519e+06 1.074139124642287381e+06 2.155541854457680508e+07 -6.427154104810447246e+07 -5.537580487946725043e+03 3.843718400525249541e+06 2.056600148332778481e+05 -6.576692035765954643e+04 1.870536078220425043e+04 5.053856363335524293e+03 5.284698196399936023e+02 1.051808722297212626e+03 7.697916575381450244e+00 -1.105819623773333849e+06 -5.062207625044749584e+05 2.844848793353962246e+05 1.965192156457588135e+04 -9.049885758052681922e+03 -5.374853150195936672e+06
3.494702337120349519e+06 1.779961027283592382e+06 6.112567679179863771e+05 1.162711518850705028e+07 -3.186820471569965407e+07 -2.821484275954132499e+03 1.955331770943006035e+06 1.116351168491518765e+05 -3.564825736613984191e+04 1.003466501808999601e+04 2.745570904010380218e+03 2.891420932079823842e+02 5.548776671872781208e+02 4.211455030991389847e+00 -5.646938363941394491e+05 -2.560528881504936726e+05 1.383500993937715830e+05 1.039555699698195349e+04 -4.702737674761012386e+03 -2.750652802194247954e+06
1.074139124642287381e+06 6.112567679179863771e+05 3.875875195509957848e+05 4.921292076106784865e+06 -1.161884116007370688e+07 -9.662155473076710450e+02 6.793304129761282820e+05 5.006994213563634548e+04 -1.524272351440269995e+04 4.850160638884699438e+03 1.185774007173471546e+03 1.172851929246655800e+02 2.673987483381614538e+02 2.178408667646599017e+00 -1.936102162149525539e+05 -9.419606073409182136e+04 6.972803229482873576e+04 3.318438382013794126e+03 -1.654354891990078841e+03 -9.056450738788853632e+05
2.155541854457680508e+07 1.162711518850705028e+07 4.921292076106784865e+06 8.202796419242677093e+07 -2.098494574731051326e+08 -1.842804354282390705e+04 1.277806820068800449e+07 8.031708274569892092e+05 -2.538782911900062463e+05 7.262193489447014872e+04 1.964836166500219042e+04 2.056560237786648031e+03 3.971388217131081547e+03 3.137463692267854043e+01 -3.696672132766961586e+06 -1.697452790513035608e+06 9.247060151045017410e+05 6.859172963457205333e+04 -3.109830727618592209e+04 -1.791405110418621451e+07
-6.427154104810447246e+07 -3.186820471569965407e+07 -1.161884116007370688e+07 -2.098494574731051326e+08 5.882257026431272030e+08 5.050078335951540066e+04 -3.503601628419064730e+07 -2.030420933311558794e+06 6.450968357658330351e+05 -1.842577504880655033e+05 -4.970334922417395865e+04 -5.192652936102175772e+03 -1.023678132369787454e+04 -7.768824426582051501e+01 1.010653336385666206e+07 4.656806344879406504e+06 -2.562552335504681803e+06 -1.820975592273279326e+05 8.346635036067610781e+04 4.901531984878735989e+07
-5.537580487946723224e+03 -2.821484275954132499e+03 -9.662155473076710450e+02 -1.842804354282390705e+04 5.050078335951540066e+04 4.473099774088359126e+00 -3.100788927648211939e+03 -1.772253311929517849e+02 5.663085833382426415e+01 -1.590983029062847542e+01 -4.345045317003180863e+00 -4.574880348217057469e-01 -8.777262050809315763e-01 -6.635709991847676958e-03 8.953402311693607771e+02 4.058122781953936737e+02 -2.169751924520046487e+02 -1.650802994701084003e+01 7.459565486157365477e+00 4.364457556918392584e+03
3.843718400525250006e+06 1.955331770943006035e+06 6.793304129761282820e+05 1.277806820068800449e+07 -3.503601628419064730e+07 -3.100788927648211939e+03 2.182109879089773633e+06 1.230375323467941635e+05 -3.917536161383108265e+04 1.137919278655340167e+04 2.783755368458595058e+03 2.789694982444493689e+02 6.250497082804236015e+02 4.207710106335129652e+00 -6.187808231868001167e+05 -2.814462269169790088e+05 1.573646414215466357e+05 1.108692919397200239e+04 -5.253731300418610772e+03 -2.998600544445403852e+06
2.056600148332778481e+05 1.116351168491518765e+05 5.006994213563634548e+04 8.031708274569892092e+05 -2.030420933311558794e+06 -1.772253311929517849e+02 1.230375323467941926e+05 8.619404939995674795e+03 -2.715015499477646699e+03 7.623188806737975938e+02 2.077216031246705370e+02 2.184872389248458902e+01 3.986651523195449442e+01 3.329807013327947818e-01 -3.561813501689359691e+04 -1.645769352122961209e+04 9.599792362564799987e+03 6.756963462208644842e+02 -2.992614443931915957e+02 -1.743292414698818757e+05
-6.576692035765954643e+04 -3.564825736613984918e+04 -1.524272351440269995e+04 -2.538782911900063045e+05 6.450968357658330351e+05 5.663085833382426415e+01 -3.917536161383108265e+04 -2.715015499477646699e+03 8.627557632296832253e+02 -2.352533535004587293e+02 -6.602654227998172587e+01 -7.030941959789312357e+00 -1.219979951267936791e+01 -1.018005449104469051e-01 1.139960597424785556e+04 5.232350350674910260e+03 -2.665272774977453082e+03 -2.206125272582671357e+02 9.546732644519286737e+01 5.617988671093776793e+04
1.870536078220425043e+04 1.003466501808999601e+04 4.850160638884698528e+03 7.262193489447014872e+04 -1.842577504880655033e+05 -1.590983029062847542e+01 1.137919278655340167e+04 7.623188806737975938e+02 -2.352533535004587293e+02 7.436638278663798474e+01 1.566087560632337627e+01 1.452156519590261263e+00 3.985702111010713811e+00 2.646408392265676979e-02 -3.168990476026930992e+03 -1.489305839258434617e+03 1.152975406831194732e+03 5.457197644429663086e+01 -2.761396957325945323e+01 -1.511828430589008349e+04
5.053856363335524293e+03 2.745570904010380218e+03 1.185774007173471546e+03 1.964836166500219042e+04 -4.970334922417395137e+04 -4.345045317003180863e+00 2.783755368458595058e+03 2.077216031246705370e+02 -6.602654227998172587e+01 1.566087560632337627e+01 7.289747841137344864e+00 8.664376825055550846e-01 8.597970107059842437e-01 1.272813599663123740e-02 -8.855926055587173096e+02 -4.040350302436239076e+02 1.969860514835264667e+02 1.857167186958812977e+01 -6.731492814074420572e+00 -4.422171962744901975e+03
5.284698196399936023e+02 2.891420932079823842e+02 1.172851929246655800e+02 2.056560237786648031e+03 -5.192652936102174863e+03 -4.574880348217057469e-01 2.789694982444493689e+02 2.184872389248458902e+01 -7.030941959789312357e+00 1.452156519590261263e+00 8.664376825055550846e-01 1.161445908809731337e-01 7.994362908612309693e-02 1.513190212856623798e-03 -9.415649218090015893e+01 -4.234334230999522219e+01 1.517363236261227222e+01 2.216161387738437405e+00 -6.551792325283376517e-01 -4.799449725387145236e+02
1.051808722297212626e+03 5.548776671872781208e+02 2.673987483381614538e+02 3.971388217131081547e+03 -1.023678132369787454e+04 -8.777262050809315763e-01 6.250497082804236015e+02 3.986651523195449442e+01 -1.219979951267936791e+01 3.985702111010713811e+00 8.597970107059842437e-01 7.994362908612309693e-02 2.228571119175681847e-01 1.533170049708151373e-03 -1.744287354399249068e+02 -8.232007113307150803e+01 6.978900007204944700e+01 2.915351126747372401e+00 -1.508039562954615276e+00 -8.222782613715301068e+02
7.697916575381450244e+00 4.211455030991389847e+00 2.178408667646599017e+00 3.137463692267854043e+01 -7.768824426582051501e+01 -6.635709991847676958e-03 4.207710106335129652e+00 3.329807013327947818e-01 -1.018005449104469051e-01 2.646408392265676979e-02 1.272813599663123740e-02 1.513190212856623798e-03 1.533170049708151373e-03 2.670367270824010368e-05 -1.349100358506963415e+00 -6.303274257083926191e-01 5.120379454886992976e-01 2.676040959369255928e-02 -1.005595914177867881e-02 -6.571758879445548374e+00
-1.105819623773333849e+06 -5.646938363941394491e+05 -1.936102162149525539e+05 -3.696672132766961586e+06 1.010653336385666206e+07 8.953402311693607771e+02 -6.187808231868001167e+05 -3.561813501689359691e+04 1.139960597424785738e+04 -3.168990476026930992e+03 -8.855926055587174233e+02 -9.415649218090015893e+01 -1.744287354399249068e+02 -1.349100358506963415e+00 1.793845187971159758e+05 8.124840366751035617e+04 -4.198492919863908173e+04 -3.335511137638697619e+03 1.489313864911761129e+03 8.761707817473100731e+05
-5.062207625044749584e+05 -2.560528881504936726e+05 -9.419606073409182136e+04 -1.697452790513035841e+06 4.656806344879406504e+06 4.058122781953936737e+02 -2.814462269169790088e+05 -1.645769352122961573e+04 5.232350350674910260e+03 -1.489305839258434617e+03 -4.040350302436239645e+02 -4.234334230999522219e+01 -8.232007113307150803e+01 -6.303274257083926191e-01 8.124840366751035617e+04 3.724104083685351361e+04 -2.034893170926590392e+04 -1.481011102412776836e+03 6.744634451577348955e+02 3.945540791904570069e+05
2.844848793353962246e+05 1.383500993937715830e+05 6.972803229482873576e+04 9.247060151045017410e+05 -2.562552335504681803e+06 -2.169751924520046487e+02 1.573646414215466357e+05 9.599792362564799987e+03 -2.665272774977453082e+03 1.152975406831194732e+03 1.969860514835264667e+02 1.517363236261227222e+01 6.978900007204944700e+01 5.120379454886992976e-01 -4.198492919863908173e+04 -2.034893170926590392e+04 4.175562111524741340e+04 5.242934722754687300e+02 -3.663611025032015505e+02 -1.859366770182704495e+05
1.965192156457588135e+04 1.039555699698195349e+04 3.318438382013794126e+03 6.859172963457205333e+04 -1.820975592273279035e+05 -1.650802994701084003e+01 1.108692919397200239e+04 6.756963462208644842e+02 -2.206125272582671357e+02 5.457197644429663086e+01 1.857167186958812977e+01 2.216161387738437849e+00 2.915351126747372401e+00 2.676040959369255928e-02 -3.335511137638697619e+03 -1.481011102412776836e+03 5.242934722754687300e+02 6.977594933150024303e+01 -2.666461219677821859e+01 -1.669808787217751524e+04
-9.049885758052681922e+03 -4.702737674761012386e+03 -1.654354891990078841e+03 -3.109830727618592573e+04 8.346635036067610781e+04 7.459565486157365477e+00 -5.253731300418610772e+03 -2.992614443931915957e+02 9.546732644519286737e+01 -2.761396957325945323e+01 -6.731492814074420572e+00 -6.551792325283376517e-01 -1.508039562954615276e+00 -1.005595914177867881e-02 1.489313864911761129e+03 6.744634451577348955e+02 -3.663611025032015505e+02 -2.666461219677821859e+01 1.279992086150359754e+01 7.227457943122743018e+03
-5.374853150195936672e+06 -2.750652802194247954e+06 -9.056450738788853632e+05 -1.791405110418621451e+07 4.901531984878735989e+07 4.364457556918391674e+03 -2.998600544445403852e+06 -1.743292414698818466e+05 5.617988671093776793e+04 -1.511828430589008349e+04 -4.422171962744901975e+03 -4.799449725387145236e+02 -8.222782613715301068e+02 -6.571758879445549262e+00 8.761707817473100731e+05 3.945540791904570069e+05 -1.859366770182704495e+05 -1.669808787217751524e+04 7.227457943122743018e+03 4.313877019985115156e+06
