7.596768466376063880e+05 5.146816902681799838e+05 7.134120584272122869e+03 3.520985737182475161e+06 -8.076382408542430028e+06 -8.235675470714045332e+02 5.689882695699795149e+05 2.164089774967211270e+04 -7.960782795137875837e+03 1.738246417948206727e+03 4.675392995601687289e+02 5.161640357835040049e+01 8.897933453466254150e+01 3.303900291802795985e-01 -1.752153435136561166e+05 -7.077149809352595184e+04 1.221584430149537366e+04 3.262952812177341457e+03 -1.336133783593728140e+03 -1.056718020989987999e+06
5.146816902681800420e+05 4.316332886297592777e+05 4.275957423545321944e+04 3.281684678910983726e+06 -6.436967278328432702e+06 -6.906520540872586480e+02 4.788340637022111332e+05 2.012799579091869236e+04 -7.291869130206815498e+03 1.623612940607956034e+03 4.307856557831931923e+02 4.700685705661304326e+01 8.205033108319332769e+01 3.254219764166503825e-01 -1.474989585084190476e+05 -5.897178565588939091e+04 2.677985228575328165e+03 2.858805566945276496e+03 -1.165901086868923812e+03 -8.852453703829477308e+05
7.134120584272122869e+03 4.275957423545321944e+04 5.121176666764380934e+04 6.082437242067647167e+05 -8.228917011062670499e+05 -6.817564566575612162e+01 5.070898187511847937e+04 4.626951848051305205e+03 -1.515129671340401501e+03 3.941500628934754218e+02 8.699160674514931202e+01 8.475421955678942965e+00 1.829312906566585895e+01 9.043895560482648199e-02 -1.529932890692623005e+04 -7.684292352737726105e+03 -7.734927383577907676e+03 2.707845808273991679e+02 -1.290291184183706434e+02 -8.509972787512902869e+04
3.520985737182475161e+06 3.281684678910983726e+06 6.082437242067647167e+05 2.692244883787805587e+07 -4.974245160071759671e+07 -5.250827467252993301e+03 3.657129943800855428e+06 1.696994016323322721e+05 -6.073950599472529575e+04 1.372424330011443271e+04 3.568591516330989180e+03 3.850588928960602288e+02 6.825853485879767959e+02 2.813839950255716982e+00 -1.126053839316648664e+06 -4.575842223340756609e+05 -4.311414256722486607e+04 2.198183329212665922e+04 -9.007196715063884767e+03 -6.721053636249745265e+06
-8.076382408542430028e+06 -6.436967278328432702e+06 -8.228917011062670499e+05 -4.974245160071759671e+07 1.012351374191233516e+08 1.030049719363764962e+04 -7.155949816018082201e+06 -3.135655064927036874e+05 1.133645670409080049e+05 -2.522966622177544195e+04 -6.609433025347405419e+03 -7.184119638741861991e+02 -1.263394353703009529e+03 -5.009138089816429940e+00 2.203438212991016451e+06 9.010113913867874071e+05 2.059630187658863724e+04 -4.204719574213471060e+04 1.724879197078184006e+04 1.319542387172727846e+07
-8.235675470714045332e+02 -6.906520540872586480e+02 -6.817564566575612162e+01 -5.250827467252993301e+03 1.030049719363764962e+04 1.105188281961249741e+00 -7.663672107299695426e+02 -3.224224119525457155e+01 1.168769490177325210e+01 -2.600579842727643420e+00 -6.890113878313346429e-01 -7.517298405707643905e-02 -1.312454362521524032e-01 -5.189994060895714977e-04 2.360124179679820600e+02 9.436330742354692802e+01 -3.930076211915179307e+00 -4.578632419986591984e+00 1.866709956493213252e+00 1.416576952742238518e+03
5.689882695699795149e+05 4.788340637022111332e+05 5.070898187511847937e+04 3.657129943800855428e+06 -7.155949816018082201e+06 -7.663672107299695426e+02 5.399130407857483951e+05 2.248123984730662414e+04 -8.102541012999801751e+03 1.873972249683456312e+03 4.435260214656860853e+02 4.600875731824952908e+01 9.416300024399407675e+01 3.325419088968619707e-01 -1.633238545338185795e+05 -6.555581781484370003e+04 4.080221638131305554e+03 3.070886777384161633e+03 -1.312765883578511421e+03 -9.769748088845387101e+05
2.164089774967211270e+04 2.012799579091869236e+04 4.626951848051305205e+03 1.696994016323322721e+05 -3.135655064927036874e+05 -3.224224119525457155e+01 2.248123984730662414e+04 1.206370676898418424e+03 -4.312335106021708953e+02 9.546605271001007509e+01 2.536039582197215481e+01 2.777025747746170836e+00 4.491278911817250474e+00 2.017393031166538064e-02 -6.917308368719652208e+03 -2.866423557807492216e+03 -3.414433035179436615e+02 1.389353818665810536e+02 -5.552231098676921306e+01 -4.136263747033147956e+04
-7.960782795137875837e+03 -7.291869130206815498e+03 -1.515129671340401501e+03 -6.073950599472529575e+04 1.133645670409080049e+05 1.168769490177325210e+01 -8.102541012999801751e+03 -4.312335106021708953e+02 1.559696892337233294e+02 -3.356733014414046323e+01 -9.244106028569714084e+00 -1.027741123060285977e+00 -1.568108872361929418e+00 -7.064961376254293157e-03 2.507071303813820123e+03 1.034121723285414191e+03 1.760267615405918775e+02 -5.143404872969259145e+01 2.010445144614746127e+01 1.503505877883942412e+04
1.738246417948206727e+03 1.623612940607956034e+03 3.941500628934754218e+02 1.372424330011443271e+04 -2.522966622177544195e+04 -2.600579842727643420e+00 1.873972249683456312e+03 9.546605271001007509e+01 -3.356733014414046323e+01 8.197078873862245985e+00 1.667023503087511127e+00 1.609972441099375706e-01 3.880223687756169104e-01 1.336753693503601971e-03 -5.553399881251851866e+02 -2.314578513934038995e+02 -2.820273859323364718e+00 1.027176981828529279e+01 -4.600265496032303503e+00 -3.292847077116061882e+03
4.675392995601687289e+02 4.307856557831931923e+02 8.699160674514931202e+01 3.568591516330989180e+03 -6.609433025347405419e+03 -6.890113878313346429e-01 4.435260214656860853e+02 2.536039582197215481e+01 -9.244106028569714084e+00 1.667023503087511127e+00 7.510849431504794671e-01 9.285074499773063317e-02 8.066483544732669375e-02 6.234006147061159527e-04 -1.494802711833938815e+02 -6.079773439416008074e+01 -1.477515320311684022e+01 3.389517914928289688e+00 -1.105089527507723268e+00 -9.078487314862624089e+02
5.161640357835040049e+01 4.700685705661304326e+01 8.475421955678942965e+00 3.850588928960602288e+02 -7.184119638741861991e+02 -7.517298405707643905e-02 4.600875731824952908e+01 2.777025747746170836e+00 -1.027741123060285977e+00 1.609972441099375706e-01 9.285074499773063317e-02 1.293438839646281202e-02 7.806019785551364387e-03 7.698446819758746409e-05 -1.640362190613650739e+01 -6.605152975339912302e+00 -2.266135971564574803e+00 4.193171224192046020e-01 -1.123804249695618124e-01 -1.006304793977533336e+02
8.897933453466254150e+01 8.205033108319332769e+01 1.829312906566585895e+01 6.825853485879767959e+02 -1.263394353703009529e+03 -1.312454362521524032e-01 9.416300024399407675e+01 4.491278911817250474e+00 -1.568108872361929418e+00 3.880223687756169104e-01 8.066483544732669375e-02 7.806019785551364387e-03 1.908001243175175277e-02 6.709095680088026140e-05 -2.803710713904077068e+01 -1.159146355994411870e+01 7.499972111896791027e-01 5.074029069757628463e-01 -2.294423895361550891e-01 -1.661790510366846547e+02
3.303900291802795985e-01 3.254219764166503825e-01 9.043895560482648199e-02 2.813839950255717426e+00 -5.009138089816429940e+00 -5.189994060895714977e-04 3.325419088968619707e-01 2.017393031166538064e-02 -7.064961376254293157e-03 1.336753693503601971e-03 6.234006147061159527e-04 7.698446819758746409e-05 6.709095680088026140e-05 6.089581525434820027e-07 -1.130452282266429381e-01 -4.642910325082272999e-02 -3.185924053189932194e-03 2.490895628058614579e-03 -8.150644515026110159e-04 -6.819302427742455208e-01
-1.752153435136561166e+05 -1.474989585084190476e+05 -1.529932890692623005e+04 -1.126053839316648664e+06 2.203438212991016451e+06 2.360124179679820600e+02 -1.633238545338185795e+05 -6.917308368719653117e+03 2.507071303813820123e+03 -5.553399881251851866e+02 -1.494802711833938815e+02 -1.640362190613650739e+01 -2.803710713904077068e+01 -1.130452282266429520e-01 5.043610378248697816e+04 2.018470255888828979e+04 -5.107831370444023378e+02 -9.820047227152621190e+02 3.979684188794582269e+02 3.027156962653849041e+05
-7.077149809352595184e+04 -5.897178565588939091e+04 -7.684292352737726105e+03 -4.575842223340756609e+05 9.010113913867872907e+05 9.436330742354692802e+01 -6.555581781484370003e+04 -2.866423557807492216e+03 1.034121723285414191e+03 -2.314578513934038995e+02 -6.079773439416008074e+01 -6.605152975339912302e+00 -1.159146355994411870e+01 -4.642910325082272999e-02 2.018470255888828979e+04 8.181885616841629599e+03 9.723136000193471773e+01 -3.886938465273473753e+02 1.591290779199373731e+02 1.208873563908537035e+05
1.221584430149537366e+04 2.677985228575328165e+03 -7.734927383577907676e+03 -4.311414256722486607e+04 2.059630187658862269e+04 -3.930076211915179307e+00 4.080221638131304644e+03 -3.414433035179436615e+02 1.760267615405918775e+02 -2.820273859323364718e+00 -1.477515320311684022e+01 -2.266135971564574803e+00 7.499972111896791027e-01 -3.185924053189932194e-03 -5.107831370444023378e+02 9.723136000193471773e+01 8.275355806471423421e+03 -4.090081289447550006e+01 -3.364194999019439081e+00 -3.595693675122889545e+03
3.262952812177341457e+03 2.858805566945276496e+03 2.707845808273991679e+02 2.198183329212666285e+04 -4.204719574213471060e+04 -4.578632419986591984e+00 3.070886777384161633e+03 1.389353818665810536e+02 -5.143404872969259145e+01 1.027176981828529101e+01 3.389517914928289688e+00 4.193171224192046020e-01 5.074029069757628463e-01 2.490895628058614579e-03 -9.820047227152621190e+02 -3.886938465273473753e+02 -4.090081289447550006e+01 2.151110625050707270e+01 -7.526767835414300833e+00 -5.943142158450755232e+03
-1.336133783593728140e+03 -1.165901086868923812e+03 -1.290291184183706150e+02 -9.007196715063884767e+03 1.724879197078184006e+04 1.866709956493213252e+00 -1.312765883578511421e+03 -5.552231098676921306e+01 2.010445144614746127e+01 -4.600265496032303503e+00 -1.105089527507723268e+00 -1.123804249695618124e-01 -2.294423895361550891e-01 -8.150644515026110159e-04 3.979684188794582269e+02 1.591290779199373731e+02 -3.364194999019439081e+00 -7.526767835414300833e+00 3.238569976846986886e+00 2.382206265701564007e+03
-1.056718020989987999e+06 -8.852453703829477308e+05 -8.509972787512902869e+04 -6.721053636249745265e+06 1.319542387172727846e+07 1.416576952742238518e+03 -9.769748088845387101e+05 -4.136263747033147956e+04 1.503505877883942412e+04 -3.292847077116061882e+03 -9.078487314862624089e+02 -1.006304793977533336e+02 -1.661790510366846547e+02 -6.819302427742455208e-01 3.027156962653849041e+05 1.208873563908537035e+05 -3.595693675122889545e+03 -5.943142158450754323e+03 2.382206265701564007e+03 1.819342850545529276e+06
